normals
0.571763	-0.782114	-0.247759
-0.334712	-0.939612	0.071393
-0.393496	-0.906923	0.150508
-0.632902	-0.750533	-0.190095
-0.689718	-0.396326	0.605982
0.647858	0.134232	-0.749841
0.950036	-0.192408	-0.245784
0.776202	-0.549139	-0.309768
0.820184	-0.562071	-0.106656
-0.886685	-0.168985	0.430388
0.927116	0.107334	-0.359075
0.999595	-0.0176805	-0.0223052
0.476955	-0.288311	0.830295
-0.556984	-0.251894	0.791403
0.96605	0.0398063	-0.255272
-0.331964	-0.456108	-0.825691
-0.823794	-0.381979	0.418874
0.112506	-0.993423	0.0212664
-0.774757	-0.476727	0.41531
-0.742951	-0.550926	0.380137
0.917788	-0.237067	-0.318536
-0.0857955	-0.98782	-0.129811
0.955625	0.0773783	-0.28424
0.931165	0.105652	-0.348955
0.647433	-0.719987	-0.2499
0.97467	0.157513	-0.15877
0.994125	0.103196	0.0326584
-0.458404	-0.303033	0.835486
0.111713	-0.982255	-0.150652
-0.648097	-0.369882	0.665701
0.798561	0.0649951	-0.598394
-0.728426	-0.565569	0.386688
-0.157093	-0.86551	-0.475621
-0.727819	-0.480202	0.489578
0.797882	-0.548302	-0.250498
-0.454653	-0.856831	0.24317
-0.0274037	-0.99946	-0.0181122
-0.703812	-0.554102	0.444544
-0.388043	-0.907616	0.160173
-0.639386	-0.686841	0.345593
0.663843	-0.676209	-0.319459
0.915504	-0.375867	-0.143445
0.117868	-0.983118	-0.139953
0.96753	0.130701	-0.21634
0.952177	0.193293	-0.236636
0.948289	0.154845	-0.277077
-0.839788	-0.0890264	0.535566
-0.823755	-0.176371	0.538815
-0.829406	-0.157863	0.535878
0.983849	0.161661	0.0768631
-0.814725	-0.177332	0.552066
-0.801075	-0.178723	0.571259
-0.695457	-0.185566	0.694193
-0.802164	-0.178617	0.569762
0.986837	0.127494	-0.099493
0.959605	0.146022	-0.240492
0.932351	0.155823	-0.326252
0.993029	0.116078	-0.0204717
0.993551	0.113363	-0.00238068
-0.384153	-0.182501	0.905052
-0.565595	-0.187498	0.803086
0.463822	-0.0825362	0.882075
0.922822	0.158974	-0.350895
0.911781	0.171204	-0.373288
-0.218565	0.225554	-0.949397
-0.724259	-0.392776	0.566723
-0.919033	-0.392569	-0.035613
-0.69703	-0.587324	0.411338
0.943503	0.126978	0.306071
0.934912	-0.190006	-0.299727
0.990376	0.133981	0.0346969
0.992482	0.0450679	-0.113789
-0.436404	-0.334705	0.835179
-0.732495	-0.183841	0.65548
-0.8845	-0.167725	0.435349
-0.988769	-0.149425	0.00274601
-0.453306	0.00307737	-0.89135
0.643959	0.17659	-0.744401
0.888494	0.166627	-0.427566
0.954891	0.0432537	0.293788
0.466813	-0.110459	0.87743
0.889311	0.166468	-0.425928
0.937301	0.0792536	0.339391
0.459848	-0.0498107	0.886599
-0.718104	-0.184586	0.67101
-0.885075	-0.166847	0.434516
-0.997712	-0.065006	-0.0185922
-0.472279	0.174643	-0.863975
0.61854	0.200451	-0.759755
-0.999651	0.00401755	0.0261123
-0.476896	0.336462	-0.812012
0.636054	0.23837	-0.733904
0.888661	0.165156	-0.427792
0.952854	0.0628403	0.296849
0.463822	-0.0825362	0.882075
-0.730378	-0.201393	0.652678
-0.884734	-0.165656	0.435665
0.463822	-0.0825362	0.882075
-0.739208	-0.183458	0.648008
-0.884311	-0.167421	0.43585
-0.992876	-0.116648	0.0243014
-0.463822	0.0825362	-0.882075
0.65347	0.186825	-0.733535
0.88811	0.166701	-0.428336
0.958527	0.0665093	0.277133
0.925607	-0.24831	-0.285648
0.946002	-0.0790799	-0.314366
-0.890314	-0.0806516	0.448148
0.952497	0.137337	-0.271824
0.850647	-0.380435	-0.362861
0.540743	-0.78034	-0.314114
0.112147	-0.982173	-0.150861
-0.31608	-0.942715	0.106684
-0.670263	-0.6826	0.291212
-0.275559	-0.961273	-0.0045106
0.291761	-0.0943587	0.951826
0.187585	-0.905844	0.379814
0.634362	-0.116838	-0.764155
0.503242	-0.208547	-0.838603
-0.0514329	-0.0208374	-0.998459
-0.727065	0.221825	-0.649746
-0.878719	0.280267	-0.386397
-0.948391	0.312594	-0.0532757
-0.929896	0.301182	-0.211146
0.245808	-0.109605	-0.963102
0.0997394	-0.0555415	-0.993462
0.0371162	-0.0448003	-0.998306
-0.415403	0.111143	-0.902822
-0.668968	0.196475	-0.716854
0.16872	-0.0771046	-0.982644
0.787248	-0.264384	-0.557083
0.945633	-0.304736	-0.113642
0.883514	-0.272892	0.380702
0.843527	-0.258547	0.470761
0.565335	-0.161934	0.80881
0.242656	-0.0524014	0.968696
-0.186096	-0.980682	-0.0602585
0.00632001	-0.902147	-0.431382
-0.22672	-0.973204	-0.0383574
-0.165014	-0.985741	-0.032952
-0.202746	-0.978683	-0.0327796
-0.162054	-0.986437	-0.0260988
-0.244121	-0.969419	-0.0251322
-0.699018	-0.703414	0.128769
-0.0916762	-0.995057	-0.0381821
-0.23998	-0.970633	-0.0167525
0.240557	0.970492	0.0166795
0.0900957	0.99519	0.0384636
0.71133	0.690159	-0.133005
0.189632	0.981393	0.030125
0.171091	0.984975	0.0234845
0.230799	0.97275	0.0221225
0.16649	0.98552	0.0321001
0.231151	0.972	0.0422495
0.530477	0.845216	0.0648383
0.203301	0.977469	0.0567705
0.276339	0.96105	0.00436732
-0.0208167	-0.998792	0.0445088
0.0808685	-0.986558	-0.142001
0.135392	-0.90346	-0.40673
0.652538	0.561091	0.509284
0.757243	-0.236367	0.608863
0.39189	0.880216	-0.267661
0.579182	0.811049	-0.0821385
0.533847	0.816394	-0.220245
0.874335	-0.377896	-0.304521
0.850429	-0.42684	-0.307537
0.949932	0.149192	-0.274539
0.950438	0.100357	-0.294273
0.112084	-0.982178	-0.150874
-0.295367	-0.954246	0.0466056
-0.716817	-0.623414	0.312294
-0.889098	-0.0441887	0.45558
0.900505	0.113828	-0.419684
0.885131	-0.163042	-0.435844
0.823942	-0.376921	-0.423143
0.486004	-0.81827	-0.306976
-0.227144	-0.167327	0.959379
0.172907	0.0870029	-0.981088
0.11172	-0.982245	-0.150709
0.00788326	-0.0929216	0.995642
-0.60985	0.0526809	-0.790764
0.105081	-0.985466	-0.13347
-0.01497	-0.152064	0.988257
0.0847961	-0.990475	-0.108484
-0.0104256	-0.125271	0.992068
-0.209841	0.12244	-0.970039
-0.0112031	-0.115351	0.993262
0.0732377	-0.990606	-0.115485
-0.330982	0.120005	-0.935975
0.0656924	-0.990117	-0.123904
-0.0805338	-0.108552	0.990823
-0.475203	0.0908636	-0.875172
-0.182507	-0.105742	0.977502
0.0946354	-0.985365	-0.141777
-0.705244	0.0659912	-0.705887
0.877322	-0.07663	-0.473744
0.803691	-0.354061	-0.478249
0.456156	-0.807534	-0.373912
0.0842373	-0.97551	-0.203183
-0.291468	-0.956436	0.0166298
-0.654604	-0.707952	0.265138
-0.885567	-0.0354327	0.463158
-0.885575	-0.0354712	0.46314
0.883135	0.114569	-0.454914
-0.902326	-0.0322287	0.429848
0.697592	0.133773	-0.703896
0.69164	-0.0584591	-0.719873
0.631436	-0.338004	-0.697883
0.347871	-0.78701	-0.50951
0.0402705	-0.958226	-0.283163
-0.293118	-0.955293	-0.0386796
-0.651591	-0.73056	0.204235
-0.902476	-0.032206	0.429535
-0.296499	-0.954915	-0.0149869
-0.665902	-0.70419	0.246358
-0.891107	-0.0438472	0.45167
-0.887846	-0.0396401	0.45843
0.774743	0.129042	-0.618968
0.760608	-0.165316	-0.627811
0.700819	-0.39447	-0.594345
0.390415	-0.82108	-0.416419
0.0692387	-0.970543	-0.230765
0.722621	-0.370401	-0.583629
0.396382	-0.815609	-0.421501
0.0577404	-0.966078	-0.251711
-0.320899	-0.945302	-0.0585448
-0.64574	-0.755632	0.10973
-0.942458	-0.13378	0.306391
-0.935909	-0.0530329	-0.348228
0.261739	0.166175	-0.950725
0.791948	-0.0697817	-0.606588
0.801613	0.134077	-0.582615
0.799259	-0.0605627	-0.597927
0.742719	-0.345587	-0.573531
0.426131	-0.807644	-0.407583
0.0695298	-0.970641	-0.230262
-0.323819	-0.944906	-0.0478887
-0.653968	-0.750087	0.0984628
-1.#IND	-1.#IND	-1.#IND
-0.705452	-0.677048	0.209627
-0.582376	0.0581795	-0.810835
0.554555	0.156613	-0.817277
0.816742	-0.00191913	-0.577
0.782816	-0.246177	-0.571486
0.498194	-0.739915	-0.452028
0.0668586	-0.96959	-0.235426
-0.401366	-0.915515	0.0271585
0.114136	-0.976831	-0.181039
-0.0800012	-0.159998	0.98387
-0.0878804	0.147558	-0.985142
-0.090422	0.163	-0.982474
0.281835	0.281803	-0.917146
0.156662	-0.961696	-0.224941
0.308912	0.0576997	-0.949339
-0.509227	-0.186768	0.840123
-0.00925643	-0.125026	0.99211
0.0693409	-0.993477	-0.0905239
-0.322475	0.106171	-0.940605
0.140629	-0.969531	-0.200583
-0.492921	-0.186408	0.849871
0.228341	0.169386	-0.958733
0.232602	0.157444	-0.959744
0.121037	-0.974983	-0.186434
-0.249551	-0.174472	0.952514
-0.023278	0.1443	-0.98926
-0.0230616	0.145308	-0.989118
0.959107	0.0379151	0.280492
0.0636138	-0.981399	-0.181132
-0.843207	0.00183044	-0.537586
0.0535397	-0.983321	-0.173822
-0.656889	0.0562829	-0.751884
0.92874	0.0196349	0.370212
0.0736095	-0.983407	-0.165808
-0.391209	0.110439	-0.913651
0.929801	0.0179592	0.367623
0.463281	-0.583659	-0.666868
0.7404	-0.634889	-0.220736
0.797071	-0.591364	0.122342
0.506481	-0.615076	-0.604284
0.517684	-0.61334	-0.596504
0.319621	-0.496045	-0.80733
0.44351	0.881273	-0.163267
0.298058	0.88314	-0.362249
0.395844	0.889774	-0.227178
0.55742	-0.178003	0.810924
-0.288601	-0.951412	0.107356
-0.423657	-0.885557	0.190536
-0.460952	-0.869422	0.177844
0.0734138	-0.981544	-0.176586
-0.160686	-0.148558	0.975762
-0.975203	-0.0792166	-0.206648
0.962437	0.02343	0.270492
0.222409	-0.938834	-0.262918
0.46224	0.151618	-0.873697
0.354518	-0.834776	-0.421267
0.453608	-0.836408	-0.30767
0.438877	-0.897442	-0.0445543
0.232686	-0.968108	0.0928691
-0.185861	-0.975892	0.114414
-0.288986	-0.955658	0.0566015
-0.326674	-0.936767	-0.125506
0.00716765	-0.940176	-0.340614
0.535361	-0.770102	-0.34689
0.580437	-0.801568	-0.143462
0.227893	-0.970172	0.0826531
-0.186594	-0.964522	0.186761
-0.29976	-0.952241	0.0581532
-0.282348	-0.92637	-0.249236
-0.0402587	-0.906104	-0.421136
0.428709	-0.798265	-0.423063
0.111713	-0.982255	-0.150652
0.111713	-0.982255	-0.150652
0.111713	-0.982255	-0.150652
0.111713	-0.982255	-0.150652
0.111713	-0.982255	-0.150652
0.111713	-0.982255	-0.150652
0.111713	-0.982255	-0.150652
0.111713	-0.982255	-0.150652
-0.421289	0.0904908	-0.902401
0.0598513	0.157976	-0.985627
0.967945	0.141873	-0.207256
0.722029	-0.023933	0.691449
0.368465	-0.0998517	0.924263
0.0880682	-0.141218	0.986053
-0.707512	-0.185073	0.682038
-0.813697	-0.00338958	-0.58128
-0.813697	-0.00338958	-0.58128
-0.707512	-0.185073	0.682038
0.0880682	-0.141218	0.986053
0.368465	-0.0998517	0.924263
0.722029	-0.023933	0.691449
0.967945	0.141873	-0.207256
0.0598513	0.157976	-0.985627
-0.421289	0.0904908	-0.902401
-0.111713	0.982255	0.150652
-0.111713	0.982255	0.150652
-0.111713	0.982255	0.150652
-0.111713	0.982255	0.150652
-0.111713	0.982255	0.150652
-0.111713	0.982255	0.150652
-0.111713	0.982255	0.150652
-0.111713	0.982255	0.150652
0.22858	0.961399	-0.153176
-0.252283	0.958161	-0.135207
-0.486977	0.873005	0.0267446
-0.499303	0.802251	0.327247
-0.387323	0.800446	0.457457
0.012072	0.927471	0.373701
0.385234	0.915008	0.119814
0.341317	0.936078	-0.0852075
-0.210808	0.976413	-0.04666
-0.52832	0.836321	0.146439
-0.489591	0.808259	0.327136
-0.391551	0.832576	0.391796
0.0175424	0.92358	0.383004
0.22947	0.943808	0.237845
0.248362	0.968175	-0.0308903
0.148299	0.978525	-0.143166
0.452499	0.218925	-0.864475
-0.107655	0.991781	0.0691418
0.953349	0.109938	0.28114
-0.157021	-0.186007	0.969921
-0.196637	0.967268	0.160394
-0.620346	0.673619	0.401757
-0.472259	0.648435	0.597078
-0.573744	0.672982	0.466811
0.531699	0.0478079	0.845583
0.486588	-0.789131	-0.37484
0.600949	-0.673896	-0.429797
0.634282	-0.654424	-0.411601
0.175618	0.770233	-0.613106
0.367265	0.847805	-0.382549
0.182439	0.803691	-0.56639
0.634136	0.701879	0.324403
0.575157	0.81804	0.00210531
0.301181	0.841634	-0.448265
0.922845	0.0785286	0.377082
-0.38742	0.0819788	-0.918251
-0.12563	0.985074	0.117669
0.922259	0.0759684	0.379034
-0.653516	0.0260239	-0.756465
-0.146428	0.983054	0.110293
-0.839985	-0.0276965	-0.541903
-0.17549	0.975693	0.13125
0.95292	0.0922191	0.288857
-0.0238911	0.15259	-0.988001
-0.0239999	0.153559	-0.987848
-0.112416	0.986503	0.11906
0.226139	0.188514	-0.95568
0.23024	0.176585	-0.956978
-0.101333	0.988983	0.107909
-0.134732	0.973655	0.183967
-0.0169716	-0.18199	0.983154
0.27963	0.295089	-0.913635
-0.0913541	0.992059	0.0864541
0.307841	0.0715398	-0.948744
-0.0846405	0.119487	-0.989221
-0.0861657	0.135133	-0.987074
-0.114203	0.985919	0.122151
-0.590497	0.754948	0.285249
-0.155901	0.985715	0.0637163
0.305378	0.930868	-0.200573
0.686029	0.56992	-0.452279
0.775656	0.351831	-0.523997
0.547696	0.21746	-0.807923
-0.828031	0.412394	0.379864
-0.794245	0.524589	0.306565
-0.519577	0.821619	0.234485
-0.15298	0.985762	0.0697875
0.218371	0.964776	-0.146701
0.623521	0.653975	-0.428414
0.74526	0.408686	-0.526842
0.791103	0.223729	-0.569299
0.736286	0.418201	-0.531968
0.259096	0.188618	-0.947255
-0.934634	-0.0637432	-0.34985
-0.938266	-0.173044	0.29952
-0.791488	0.528275	0.307362
-0.52168	0.825729	0.214526
-0.164192	0.985281	0.0475717
0.191281	0.969815	-0.15123
0.601621	0.675598	-0.426169
-0.153254	0.985755	0.0692788
0.184954	0.972133	-0.144049
0.573205	0.696211	-0.432118
0.681652	0.506344	-0.528173
0.762808	0.233255	-0.603089
-0.862181	-0.293073	0.413221
-0.866696	-0.287818	0.407429
-0.807928	0.437393	0.394891
-0.49877	0.827079	0.259168
-0.872865	-0.295176	0.38856
-0.783902	0.47507	0.399758
-0.494668	0.835165	0.240424
-0.180558	0.983455	0.0146414
0.152558	0.959617	-0.236348
0.523189	0.660247	-0.538839
0.640071	0.419391	-0.643754
0.685711	0.237057	-0.688189
-0.872559	-0.295248	0.389191
0.871111	0.221909	-0.43809
-0.85566	-0.298444	0.422821
-0.855645	-0.298483	0.422823
-0.793318	0.43743	0.423441
-0.500101	0.820894	0.27574
-0.138785	0.985502	0.0975952
0.261537	0.960946	-0.0904501
0.694732	0.646299	-0.315665
0.823102	0.403911	-0.399198
-0.696516	-0.00703402	-0.717507
-0.136236	0.977106	0.163415
-0.169195	-0.231205	0.95808
-0.471714	0.0706206	-0.878919
-0.0700646	-0.210219	0.97514
-0.144897	0.975	0.168462
-0.137823	0.975092	0.173781
-0.00390995	-0.189422	0.981888
-0.210516	0.127192	-0.969281
-0.00715217	-0.179966	0.983647
-0.130101	0.975034	0.179953
-0.0141956	-0.154345	0.987915
-0.115879	0.979903	0.162366
0.0173497	-0.207337	0.978116
-0.112298	0.982151	0.15089
0.152018	0.246912	-0.95704
-0.226031	-0.178239	0.957675
0.282991	0.958432	-0.0363828
0.704444	0.65695	-0.268655
0.811074	0.475157	-0.341151
0.889014	0.215987	-0.403737
-0.860997	-0.288895	0.418598
-0.839968	0.326159	0.433676
-0.499022	0.808498	0.311942
-0.111342	0.982331	0.150429
0.938835	0.20238	-0.278625
0.949736	0.15698	-0.270849
0.728375	0.666139	-0.160402
0.759328	0.633318	-0.149427
0.692276	-0.576618	-0.433896
0.741102	-0.603135	-0.29495
0.566272	-0.653071	-0.502827
0.706963	0.205726	0.676668
0.776531	-0.529137	0.342072
-0.0799513	0.989988	-0.116325
-0.136013	0.979692	0.147322
-0.237995	0.910784	0.337387
0.480502	-0.834086	-0.270959
0.407363	-0.885114	-0.225007
0.704911	-0.688524	-0.170397
0.44012	-0.865394	-0.239558
0.378317	-0.889928	-0.254764
0.407011	-0.878706	-0.249433
0.375317	-0.889187	-0.261695
0.453989	-0.853912	-0.254417
0.840562	-0.446132	-0.307282
0.307547	-0.916788	-0.254783
0.448099	-0.85436	-0.263204
-0.44757	0.85464	0.263196
-0.309049	0.916234	0.254959
-0.831609	0.462411	0.307575
-0.401008	0.879722	0.255505
-0.383726	0.885147	0.263189
-0.438955	0.860351	0.259063
-0.379632	0.889201	0.255346
-0.435933	0.866334	0.243779
-0.206344	0.967737	-0.144591
-0.41315	0.880302	0.233187
0.244816	-0.157294	0.956726
0.542795	0.0354809	0.839115
0.780278	0.288561	0.554887
0.814006	0.335611	0.474089
0.851328	0.52446	0.013535
0.690667	0.583691	-0.426946
0.114433	0.399701	-0.909475
-0.633281	-0.117308	-0.76498
-0.410883	0.072363	-0.908812
-0.00322666	0.337805	-0.941211
0.0484686	0.376426	-0.925178
0.1903	0.435837	-0.879677
-0.847941	-0.421177	-0.321881
-0.858199	-0.482512	-0.175146
-0.808671	-0.338375	-0.481201
-0.682161	-0.173381	-0.710349
-0.0854952	0.297609	-0.950852
0.417436	0.551371	-0.722314
0.509675	0.579469	-0.635962
-0.00310966	0.770875	0.636978
0.306422	-0.154082	0.939342
-0.479795	0.834507	0.270915
-0.77349	0.397936	0.493316
-0.528221	0.778612	0.338742
-0.111266	0.982334	0.150468
0.365255	0.930842	-0.0110658
0.733711	0.647746	-0.205165
0.949714	0.161809	-0.268071
-0.856924	-0.289191	0.426672
0.894454	0.374166	-0.24485
0.838395	0.518515	-0.168037
0.958527	0.0665093	0.277133
0.88811	0.166701	-0.428336
0.65347	0.186825	-0.733535
-0.463822	0.0825362	-0.882075
-0.992876	-0.116648	0.0243014
-0.884311	-0.167421	0.43585
-0.739208	-0.183458	0.648008
0.463822	-0.0825362	0.882075
-0.884441	-0.168238	0.43527
-0.732495	-0.183841	0.65548
0.463822	-0.0825362	0.882075
0.946196	0.111144	0.303909
0.888155	0.169572	-0.427113
0.65078	0.0873854	-0.754221
-0.418485	-0.177131	-0.890783
-0.984482	-0.17548	-0.00128393
0.623863	0.15012	-0.76698
-0.451245	-0.0103036	-0.892341
-0.991813	-0.124648	-0.0277473
-0.885025	-0.167288	0.434448
-0.717053	-0.193557	0.669605
0.467282	-0.11517	0.876575
0.940289	0.055432	0.335834
0.889225	0.167222	-0.425812
0.460454	-0.0545463	0.886006
0.952854	0.0628403	0.296849
0.888562	0.166034	-0.427657
0.639152	0.216538	-0.737967
-0.471318	0.161458	-0.867059
-0.994756	-0.101779	0.010068
-0.884539	-0.167379	0.435402
-0.733284	-0.176729	0.656553
-0.470854	-0.0317923	0.881638
0.973771	0.20959	-0.0885552
0.886257	0.184911	-0.424683
0.85979	0.470522	-0.19842
0.958122	-0.00156696	0.286356
-0.794682	0.271295	0.543028
-0.983446	0.1738	0.051253
-0.888448	0.0403427	0.4572
-0.209402	0.136713	-0.968225
0.950031	0.128572	-0.284448
0.924253	0.145651	-0.352904
0.998686	-0.00833246	0.0505571
-0.827493	-0.175933	0.533201
-0.831037	-0.193187	0.52159
0.947401	0.162138	-0.27594
0.959193	0.141303	-0.244912
0.990542	0.130789	-0.0414835
-0.105548	0.981243	0.161313
0.765856	0.629445	-0.13139
0.488053	0.868894	-0.0826234
-0.744658	0.392394	0.539918
-0.572075	0.711182	0.408595
-0.792886	0.229095	0.564666
-0.246663	0.928497	0.277581
-0.62332	0.624848	0.470147
0.649341	0.758876	-0.0496443
-0.79856	0.141795	0.584976
-0.359127	0.910907	-0.203165
-0.821349	0.251477	0.512001
0.772752	0.291929	-0.563588
-0.696577	-0.104571	0.709821
-0.111713	0.982255	0.150652
-0.485344	-0.0661557	0.871817
0.971393	0.229154	0.0623259
0.979567	0.114459	-0.165373
0.442457	0.895298	-0.0517094
0.911684	0.34795	-0.218547
0.934853	0.254169	-0.247887
-0.117312	0.986774	0.111875
0.772902	0.610433	-0.17319
-0.797886	0.345442	0.494012
-0.82457	0.235139	0.514581
-0.205275	0.91378	0.350525
-0.851952	0.151297	0.501286
-0.488382	0.587532	-0.645204
0.919723	0.260406	-0.293766
-0.571725	-0.122285	0.811281
0.429725	0.126969	0.893988
0.970014	0.24241	0.0175858
0.922965	0.208882	-0.32327
-0.862297	-0.175009	0.475201
0.677963	0.726285	0.113474
0.512082	0.858329	-0.0322994
0.678122	0.734139	0.0345062
0.635907	0.239311	-0.733725
-0.739084	0.0377335	0.672555
-0.598524	0.618138	0.509582
-0.547006	0.704226	0.452603
-0.503836	0.773732	0.384043
0.350926	0.935555	-0.0398421
-0.856128	-0.291712	0.426554
0.256233	0.839206	-0.479665
0.338207	0.861726	-0.378211
0.47224	-0.648388	-0.597145
0.544233	-0.68522	-0.48403
-0.544213	0.685285	0.483959
-0.696353	0.55838	0.450893
-0.149773	0.980864	0.124395
0.00197098	0.999408	0.0343572
0.115017	-0.966097	-0.231145
0.0259474	-0.989843	-0.139775
-0.298069	-0.883169	0.362171
-0.363947	-0.899739	0.240858
0.363978	0.899703	-0.240945
0.541316	0.805234	-0.242023
0.334886	-0.539294	-0.772667
0.420458	-0.57744	-0.699842
-0.322786	0.108906	-0.940185
-0.0711614	0.143304	-0.987117
-0.609684	0.0511588	-0.790992
-0.88464	-0.0454921	0.464049
-0.83247	0.0560628	0.551227
0.842259	0.509166	-0.177059
-0.827651	0.0635302	0.557636
0.867749	0.436252	-0.238109
0.87688	0.415601	-0.241572
0.929476	0.189969	-0.316206
0.915491	0.194153	-0.352392
0.986291	0.160861	-0.0367946
0.983034	0.181505	-0.0264642
0.98745	0.157895	-0.00338542
0.940269	0.140293	0.31018
-0.676176	-0.0623327	0.734099
-0.121495	-0.0531361	0.991169
0.937948	0.120325	0.32523
-0.729072	-0.0863425	0.678969
-0.646059	-0.172184	0.743613
-0.497454	-0.158862	0.85282
0.910595	0.345048	-0.227506
0.978304	0.110929	-0.174975
0.971299	0.165932	-0.170424
0.940647	0.185411	-0.284265
0.544349	0.836669	0.0605794
-0.923753	0.365135	0.11557
-0.950693	0.197288	-0.239293
0.720474	0.226249	-0.655537
-0.804551	0.178866	0.566308
-0.81635	-0.0621943	0.574199
-0.760277	-0.121457	0.638143
-0.769815	0.181123	0.612028
0.890201	0.443092	-0.105882
-0.813394	-0.0532761	0.579268
0.237194	0.968566	0.0749629
-0.481945	0.779551	0.400036
-0.699023	0.675058	0.235932
0.140975	0.984277	-0.106421
-0.734124	0.412308	0.539504
-0.823733	-0.0139558	0.566806
-0.815245	-0.0372689	0.577916
-0.728908	0.411061	0.547468
-0.697604	0.522051	0.490725
-0.833927	0.115617	0.539628
-0.840186	0.0110477	0.542186
-0.691807	0.520676	0.5003
0.885357	0.411507	-0.216344
0.680328	0.694569	-0.233939
0.725995	0.675494	-0.12899
0.87065	0.419005	-0.257688
0.0824621	0.994125	0.0701051
-0.417501	0.848466	0.325266
-0.500437	0.799332	0.332612
0.0897894	0.99203	0.0883942
-0.358687	0.890239	0.280745
0.170057	0.984997	0.0293405
0.493565	0.866413	-0.0756434
-0.847537	-0.229796	0.478408
-0.671783	0.581552	0.458809
0.86777	0.122132	-0.481724
0.996866	0.07542	-0.0238848
-0.762259	-0.0260099	0.646749
-0.962604	0.0490204	0.266439
-0.188534	-0.169797	0.967277
-0.811695	-0.177653	0.556409
-0.981233	-0.133009	0.139606
-0.973902	-0.0780761	-0.213118
0.44219	0.1849	-0.877656
0.731978	0.183869	-0.656049
0.99372	0.1114	0.0105397
0.809131	0.00189724	0.587625
0.732951	0.175231	-0.657326
0.994036	0.108582	0.0101074
0.811481	-0.0214762	0.583985
-0.18783	-0.174549	0.966567
-0.812185	-0.173275	0.557075
-0.977486	-0.162067	0.135114
-0.96146	-0.158364	-0.224755
0.447569	0.131685	-0.8845
-0.973644	-0.169973	0.152076
-0.964819	-0.17387	-0.197217
0.474022	0.121621	-0.872073
0.743349	0.169224	-0.647144
0.992227	0.123801	-0.0126298
0.823341	0.00659858	0.567509
-0.219517	-0.157251	0.962852
-0.816854	-0.170037	0.551215
0.632905	0.542991	0.551899
-0.250471	0.424818	0.869939
-0.786043	0.262582	0.559631
-0.944932	0.252126	0.208654
-0.912787	0.400564	-0.0797962
0.344817	0.67773	-0.649448
0.61937	0.597483	-0.509309
0.829105	0.556841	0.0501325
0.916176	0.26096	-0.304175
-0.848469	0.278568	0.45
0.481282	0.870719	-0.101078
0.126804	0.990835	0.0465573
-0.340542	0.905583	0.252886
-0.667824	0.626577	0.401762
0.456741	0.889519	0.0120245
-0.258485	0.955688	-0.140875
0.934202	-0.277752	-0.223874
0.894383	0.0512411	-0.444357
0.634087	0.75136	-0.182734
0.48305	0.872875	0.0689401
0.422489	0.900736	-0.100885
0.607105	0.228858	-0.760951
0.872339	-0.422857	-0.245393
-0.412839	0.850542	0.325794
-0.364945	0.872757	0.324208
0.0338976	0.925937	-0.376153
-0.276057	0.958764	0.0675615
-0.500833	0.85392	0.141373
-0.459777	0.883487	0.0897552
-0.58067	0.790259	0.195734
-0.641515	0.738087	0.209011
-0.700251	0.679377	0.219305
-0.397005	0.901035	0.174711
-0.324563	0.930635	0.169051
-0.444997	0.873735	0.196378
-0.465227	0.865681	0.184828
-0.436971	0.894738	0.0921998
-0.237585	0.968406	0.0757841
-0.0654938	0.982678	0.17336
-0.123358	0.946622	0.297808
-0.270234	0.899288	0.343881
-0.3311	0.878943	0.343267
-0.430082	0.840805	0.32875
0.574791	-0.794772	-0.194813
0.445443	-0.873502	-0.196405
0.465329	-0.865622	-0.184847
0.624528	-0.757903	-0.18854
0.675834	-0.66859	-0.310218
0.50533	-0.748937	-0.428643
0.309106	-0.858543	-0.409093
0.254354	-0.899449	-0.355381
0.331465	-0.878765	-0.343369
0.430226	-0.840727	-0.328761
0.414901	-0.838936	-0.352198
0.535985	-0.75825	-0.371183
0.265579	-0.912883	-0.31002
0.257159	-0.9162	-0.307323
0.411876	-0.85108	-0.325608
0.284738	-0.888489	-0.359876
0.473365	-0.257252	-0.842465
0.691567	-0.230493	-0.68455
0.60108	-0.779829	-0.174843
0.50252	-0.85284	-0.141911
0.100158	0.994587	0.0276552
-0.334378	0.913134	0.233192
-0.652963	0.652807	0.384033
-0.851549	0.244589	0.463724
0.870895	0.28141	-0.402927
0.722574	0.621347	-0.303009
0.47414	0.867006	-0.15327
-0.511607	0.827013	0.233042
-0.673916	0.0573943	0.736575
-0.324084	0.942735	0.0788641
-0.155221	0.855046	0.494776
-0.151313	0.988226	0.0226521
-0.141006	0.988994	0.0448086
-0.175011	0.984337	0.0212453
-0.175677	0.984032	0.0286209
-0.179171	0.983339	0.0306786
-0.105098	0.95043	0.292639
-0.126176	0.943084	0.307688
-0.136514	0.945128	0.296811
-0.122286	0.957162	0.262462
-0.133469	0.95433	0.267285
0.789212	0.283306	-0.544869
0.678576	0.563412	-0.471276
0.0501008	0.997716	-0.0453003
-0.342948	0.919003	0.194477
-0.634526	0.686441	0.355212
-0.841103	0.309948	0.443259
-0.863044	-0.297149	0.408482
-0.867293	-0.293561	0.402026
0.709787	0.299448	-0.6376
0.569512	0.644396	-0.510304
0.015404	0.996539	-0.0816865
-0.351155	0.921871	0.163843
-0.640759	0.69196	0.332595
-0.846794	0.3139	0.429425
-0.354036	0.920971	0.162701
-0.654027	0.693091	0.303107
-0.857871	0.347292	0.378743
-0.646981	-0.260568	0.716603
0.0367481	0.987055	-0.156113
0.612734	0.653838	-0.443905
0.0306821	0.998525	-0.0447943
0.639425	0.627744	-0.443929
0.0386645	0.998463	-0.0397164
-0.361501	0.919084	0.15685
-0.65844	0.703473	0.267551
-0.870546	0.4043	0.280519
-0.481641	0.860219	0.167467
0.696004	0.267728	-0.666258
-0.107406	0.987347	0.116661
0.67364	0.587571	-0.448296
0.444376	0.850355	-0.281829
0.092275	0.993906	-0.0602953
-0.379392	0.907638	0.179597
-0.682772	0.665489	0.301573
-0.742729	0.420259	0.521283
-0.763288	0.591412	0.260046
-0.240313	0.96253	0.125645
-0.114857	0.132851	-0.984458
-0.0209622	0.996822	0.0768583
0.670624	0.48003	-0.565539
0.487789	0.765383	-0.419822
0.097293	0.979236	-0.177852
-0.452514	0.88354	0.120777
-0.180268	0.980373	0.0798216
-0.389691	0.804971	0.447395
0.0469454	0.159088	-0.986148
-0.107932	0.98929	0.0982678
-0.0899898	0.993086	0.0753842
-0.0904686	0.993027	0.0755881
0.265222	0.177905	-0.947632
-0.214553	0.897882	0.384415
-0.130534	0.941622	0.310337
-0.324411	0.02502	-0.945585
-0.151046	0.944715	0.29103
0.114931	0.16971	-0.978769
-0.128025	0.961779	0.242054
-0.0550415	0.1516	-0.986908
-0.00551124	0.989884	0.141775
-0.209243	0.97646	0.0523793
-0.188968	0.975948	0.108702
-0.153995	0.9811	0.117169
-0.0503323	0.981855	0.18283
-0.0811426	0.981321	0.174429
-0.152712	0.982002	0.111135
0.488868	0.865481	-0.10932
-0.459097	0.690746	0.558659
0.745184	-0.192667	-0.63842
0.0480888	-0.98055	0.190287
0.806461	-0.0657776	-0.587617
-0.21838	0.969242	0.113492
0.805483	-0.0953203	-0.584903
0.420526	0.848941	-0.32009
0.694195	-0.288494	-0.659443
-0.50256	0.826716	0.252929
0.713865	-0.432475	-0.550784
0.724813	-0.475088	-0.498936
0.568931	-0.685932	-0.453669
0.576361	-0.742652	-0.340991
-0.424997	0.814836	0.394233
-0.425518	0.818259	0.386506
-0.505163	0.812857	0.289956
0.662652	-0.523373	-0.535699
0.544006	-0.567736	-0.617846
-0.437898	0.80196	0.406332
-0.527984	0.778085	0.34032
-0.249178	0.961359	0.117043
-0.372042	0.870731	0.321579
0.42917	0.900138	-0.0745953
0.00915284	0.995858	-0.0904656
-0.142966	0.9678	0.20718
-0.173638	0.963495	0.203782
-0.189844	0.96999	0.151913
-0.164224	0.979737	0.11466
-0.0981581	0.990702	0.0942024
-0.0409345	0.993848	0.102911
-0.015302	0.990876	0.133906
-0.0377222	0.985852	0.16332
0.185997	0.981077	-0.053785
0.26135	0.962029	0.0787143
0.139609	0.972051	0.188749
-0.226406	0.90625	0.357003
-0.357633	0.862023	0.359186
-0.400349	0.903925	0.150463
-0.297977	0.954382	0.0190999
-0.0581623	0.996246	-0.0641175
0.412696	0.896562	0.160807
0.196636	0.905848	0.375198
-0.153822	0.828336	0.5387
-0.590601	0.57946	0.56162
-0.717159	0.668779	0.196007
-0.444203	0.895103	0.0383891
0.0583765	0.966409	-0.250293
0.388328	0.856193	-0.340786
-0.360621	0.931357	-0.0502739
-0.0969145	0.982201	-0.160903
0.093966	0.989068	-0.113641
0.236016	0.945685	0.223556
0.120871	0.903011	0.412263
-0.0367423	0.884724	0.464665
-0.279348	0.860658	0.425714
-0.458683	0.87578	0.1504
-0.249972	-0.959342	-0.131059
-0.069166	-0.987409	0.142269
0.173977	-0.968067	0.180495
0.329907	-0.934969	0.130366
0.445191	-0.893521	-0.0585298
0.304857	-0.865231	-0.398042
0.115643	-0.88675	-0.44755
-0.148916	-0.930098	-0.335772
0.500785	-0.574133	-0.647754
0.114729	-0.844348	-0.523368
-0.107303	-0.945356	-0.307876
-0.494395	-0.862775	-0.105796
-0.288909	-0.820769	0.492818
0.190346	-0.939065	0.286226
0.325043	-0.937581	0.123645
0.560468	-0.827925	-0.0204211
0.136808	-0.922102	-0.361954
-0.0612779	-0.957764	-0.280951
-0.171004	-0.971882	-0.161874
-0.140967	-0.985469	0.0947614
0.0207823	-0.997588	0.0662238
0.314829	-0.945325	-0.0851086
0.456257	-0.870288	-0.185549
0.364993	-0.853334	-0.372291
0.185593	-0.97298	-0.137349
0.207059	-0.964149	-0.165961
0.181678	-0.963371	-0.197255
0.12504	-0.970412	-0.206558
0.058619	-0.980801	-0.185991
0.032864	-0.988378	-0.148421
0.0490053	-0.994129	-0.0964645
0.0796511	-0.992429	-0.0934953
0.207729	-0.908358	-0.362952
0.613493	-0.720549	-0.323166
0.94175	0.153038	-0.299476
0.374368	0.18203	-0.909238
-0.955685	-0.0646408	-0.287208
-0.778911	-0.180693	0.600539
-0.160841	-0.986296	0.0367602
-0.0280388	-0.983051	-0.181178
-0.363231	-0.924247	0.117602
-0.237313	-0.961889	0.135837
0.385142	0.829889	-0.40367
0.511232	0.792978	-0.331402
-0.375649	-0.919797	0.113404
-0.222312	-0.968467	0.11247
-0.222295	-0.967457	0.120876
0.387515	0.917813	-0.0863198
0.416728	0.884603	-0.209322
0.585665	0.748397	-0.311286
0.582597	0.721723	-0.37376
-0.300071	-0.953704	-0.0201401
0.591358	0.615713	-0.520761
0.585565	-0.602195	-0.542656
0.729891	0.418629	-0.540379
0.00287905	-0.980976	-0.194109
0.755996	0.408774	-0.511246
-0.0848473	-0.971461	-0.221506
0.713926	0.602823	-0.35625
-0.277242	-0.908244	0.313416
0.662925	-0.664952	-0.344048
0.0915594	-0.993973	-0.0602862
0.926323	0.048043	0.373654
-0.532026	0.0689268	-0.843918
0.138466	-0.980454	-0.139778
0.945147	0.0581954	0.321419
-0.768409	0.0107471	-0.639869
0.154722	-0.978576	-0.135829
0.0691055	-0.980551	-0.183697
0.0035353	-0.97117	-0.238362
0.0120369	-0.969187	-0.246032
0.216639	-0.963413	-0.157809
0.992972	0.104375	0.0557888
-0.606944	0.0525972	-0.793002
-0.0539666	0.145381	-0.987903
-0.0546598	0.151489	-0.986946
0.0919317	-0.994746	-0.0450377
0.116451	0.156109	-0.980851
0.115651	0.163421	-0.979754
0.0795928	-0.99603	-0.0398627
-0.342651	0.185397	-0.920988
0.0925546	-0.995674	0.00816189
-0.00789264	-0.152473	0.988276
0.0415414	-0.999125	0.00493841
0.26547	0.17559	-0.947995
0.266269	0.168642	-0.949031
0.132264	-0.965391	-0.224781
0.132737	-0.96528	-0.224977
0.11518	-0.972462	-0.202613
0.047494	0.154264	-0.986887
0.0472785	0.156683	-0.986517
-0.188245	-0.966272	0.175733
0.0420715	-0.974588	-0.220018
-0.243252	-0.956436	-0.161427
0.303782	-0.836356	-0.456316
0.629455	-0.480237	-0.610867
0.740197	-0.131708	-0.659364
0.200911	-0.954041	-0.222352
-0.334833	0.10553	-0.936349
-0.11604	0.13767	-0.983657
-0.115971	0.142646	-0.982956
0.037717	-0.985744	-0.163969
-0.605692	-0.794279	0.0475171
-0.244984	-0.965783	0.0851242
-0.583864	-0.804872	0.106223
-0.211809	-0.973481	-0.086437
0.350638	-0.861018	-0.368376
0.681462	-0.500558	-0.533901
0.799407	-0.147452	-0.582414
0.115885	-0.975984	-0.184462
0.949901	0.150082	-0.274161
0.801553	0.091397	-0.590898
0.708018	0.18505	-0.681518
-0.266764	-0.957073	-0.113351
-0.875826	-0.435381	0.208259
-0.520263	-0.852859	0.044257
-0.171173	-0.977587	-0.12257
0.306001	-0.883627	-0.354355
0.754959	-0.283548	-0.591301
0.251429	-0.906513	-0.339142
0.737062	-0.309744	-0.600665
0.360715	-0.857132	-0.367709
0.938531	0.154114	-0.308882
-0.658108	-0.186719	0.729404
-0.048819	-0.998777	0.00780542
-0.714221	-0.667608	0.21021
-0.464099	-0.883993	0.0562877
-0.141686	-0.981719	-0.127096
-0.725685	-0.629747	0.277128
-0.461521	-0.882448	0.0910214
-0.136513	-0.982458	-0.127045
0.227901	-0.900427	-0.370529
0.677219	-0.330154	-0.657551
0.736329	0.0647673	-0.673517
0.729393	0.18401	-0.658883
-0.890096	-0.166315	0.424346
-0.895894	-0.0863545	0.435794
0.80725	0.178112	-0.562693
-0.886359	-0.167036	0.431819
-0.892995	-0.0370717	0.448538
-0.735646	-0.606294	0.302047
-0.451463	-0.885265	0.111745
-0.120517	-0.987537	-0.101228
0.255425	-0.908459	-0.330847
0.736282	-0.336621	-0.587005
0.813419	0.0567752	-0.578901
0.102835	-0.993564	-0.0474938
-0.146422	-0.166216	0.975158
-0.118634	-0.163699	0.979351
0.0996604	-0.994339	-0.0368465
0.0834535	-0.99641	0.0142147
-0.0418194	-0.156113	0.986853
-0.0101816	-0.152724	0.988216
0.0943003	-0.99549	0.010362
0.115957	-0.993239	-0.00546872
-0.0108954	-0.152802	0.988197
0.0322598	-0.971714	-0.233946
0.00885945	-0.910705	-0.412963
-0.573283	0.0601289	-0.817148
-0.404619	0.093505	-0.909692
0.046096	-0.959783	-0.276931
-0.390719	0.0959756	-0.915493
0.0810673	-0.963624	-0.254671
0.0445894	-0.97497	-0.217821
-0.361646	0.10102	-0.926826
-0.201693	0.122239	-0.971791
-0.134148	-0.165119	0.977108
0.0529563	-0.975389	0.214036
-0.106447	-0.970877	-0.214633
-0.945119	-0.0581788	-0.321506
-0.619707	-0.419249	0.663471
-0.208256	-0.973343	-0.0960844
0.642499	-0.662269	-0.385481
0.824506	-0.346691	-0.447208
0.897293	0.0575132	-0.437673
0.890139	0.166306	-0.424259
-0.961688	-0.145053	0.232629
-0.728805	-0.605611	0.319497
-0.44708	-0.884665	0.13224
-0.108281	-0.992081	-0.0636429
0.329711	-0.904629	-0.270068
0.225336	0.960346	0.164191
0.95532	0.25818	-0.143896
0.60068	0.568647	-0.561982
0.302848	0.947217	-0.10518
0.147498	0.984368	-0.0962441
0.138292	0.990046	-0.0261557
0.0855941	0.995852	-0.0308537
0.0479998	0.998706	-0.0167778
0.341091	0.933436	-0.111151
0.208822	0.97515	-0.0740011
0.171082	0.9844	-0.0410874
0.167533	0.982984	-0.0753319
0.0794438	0.991188	-0.105994
0.0992039	0.987054	-0.126027
0.313927	0.934008	-0.170524
0.501795	0.861684	-0.0755139
0.436264	0.897443	0.0653468
0.284374	0.954893	0.0855048
0.251596	0.96423	0.0834326
0.379466	0.922659	0.0685952
-0.164351	-0.985827	0.0336734
-0.111144	-0.993341	0.0303283
-0.0564658	-0.997875	0.032505
0.0974911	-0.995236	-2.19934e-005
0.157636	-0.979226	-0.127544
-0.016577	-0.974847	-0.22226
-0.226601	-0.954977	-0.191497
-0.247422	-0.953394	-0.172691
-0.215991	-0.970139	-0.110354
-0.159722	-0.982262	-0.0982317
-0.183259	-0.976509	-0.113344
-0.528845	-0.848602	-0.0140629
-0.456487	-0.888808	-0.0405116
-0.384656	-0.920489	-0.0688436
-0.320884	-0.943198	-0.0860904
-0.275993	-0.943412	-0.18385
-0.228776	-0.959772	-0.162784
0.223597	-0.742032	-0.631975
0.504541	-0.0986339	0.857735
-0.229788	-0.970477	-0.0732934
0.764096	0.637173	-0.100842
0.35898	0.932965	-0.0266263
0.782456	-0.511582	-0.35503
0.633249	-0.74958	-0.192678
0.825524	-0.328427	-0.458962
0.821704	0.349578	-0.45011
0.921783	0.380578	-0.0740061
-0.0470389	-0.903488	-0.426023
0.680333	-0.720762	-0.13285
-0.47468	-0.865324	0.160916
-0.110082	-0.992891	-0.0452729
0.329973	-0.913084	-0.239574
0.669649	-0.659473	-0.341563
0.696535	0.682672	-0.220901
-0.65424	-0.186808	0.732853
-0.767379	-0.549384	0.330614
0.94034	0.0484864	-0.336762
0.932308	-0.350518	-0.0890984
0.717899	-0.268791	-0.642162
0.46309	-0.362167	-0.808939
-0.804785	-0.549087	-0.225444
-0.858992	-0.503516	0.0927614
-0.689974	-0.582239	0.430038
-0.1217	-0.707365	0.696293
0.754844	-0.529236	0.387454
-0.816634	-0.184034	0.547028
-0.226008	-0.18757	0.955896
0.828097	0.00821065	0.560525
0.993908	0.107736	-0.0232434
0.743329	0.196882	-0.639296
0.468009	0.248413	-0.848091
-0.98713	0.00541572	-0.159827
-0.980421	-0.102082	0.168385
0.461427	0.236281	-0.855135
-0.985171	-0.00534486	-0.17149
-0.980935	-0.107819	0.161682
-0.815587	-0.181305	0.549497
-0.21838	-0.167469	0.961387
0.820493	0.0296415	0.570887
0.992946	0.117788	-0.0135531
0.740891	0.19144	-0.643763
0.809131	0.00189724	0.587625
0.99372	0.1114	0.0105397
0.731978	0.183869	-0.656049
0.44219	0.1849	-0.877656
-0.973902	-0.0780761	-0.213118
-0.981233	-0.133009	0.139606
-0.811695	-0.177653	0.556409
-0.188534	-0.169797	0.967277
-0.918852	-0.33568	0.207436
-0.789886	-0.305584	0.531694
0.987732	0.155728	-0.0115677
0.736148	0.141169	-0.661935
-0.473416	-0.853555	0.217534
-0.860711	-0.11396	0.496174
0.668844	-0.674754	-0.312018
0.343936	-0.90726	-0.242048
-0.116369	-0.992933	-0.0232787
0.0681651	0.977573	0.19926
-0.856868	-0.171992	0.486
0.461115	-0.0830541	0.883445
0.930833	0.156513	-0.330232
0.927839	0.157387	-0.338148
0.976332	0.13674	-0.167568
-0.830367	-0.175549	0.528841
-0.826366	-0.176025	0.534915
-0.825117	-0.176171	0.536791
0.956797	0.147269	-0.250703
0.951183	0.149583	-0.269957
0.312191	-0.92956	-0.196101
-0.301329	-0.951363	0.0641012
-0.209927	-0.976665	0.045339
0.37532	-0.880866	-0.288463
0.946167	-0.124261	-0.298876
0.811074	-0.513452	-0.280224
0.807904	-0.427164	-0.405983
0.942179	-0.179531	-0.282962
-0.559702	-0.782843	0.271829
-0.798541	-0.355122	0.486025
-0.759118	-0.451035	0.469368
-0.521118	-0.822819	0.226726
-0.667824	-0.697544	0.2597
-0.79833	-0.314145	0.513792
-0.787157	-0.335554	0.517482
-0.593312	-0.743701	0.308042
0.440543	-0.870509	-0.219397
-0.525486	-0.8508	0.00190584
-0.285371	-0.94887	0.134939
0.37988	-0.915522	-0.132331
-0.785286	-0.300419	0.541363
0.982078	-0.187608	0.0180808
-0.588845	-0.531069	0.609285
-0.789269	-0.241956	0.564368
-0.790296	-0.291276	0.539064
-0.738927	-0.60094	0.304727
0.61466	-0.123309	-0.779094
-0.913691	-0.324735	-0.244368
-0.821518	-0.568831	-0.0392319
0.716417	-0.676273	-0.171466
0.947223	0.118295	-0.297951
0.977735	0.109341	-0.179103
0.972341	0.16336	-0.166934
0.926137	-0.120091	-0.357559
-0.490164	-0.208983	0.846206
-0.642692	-0.201791	0.739072
-0.743125	-0.386287	0.546395
0.94128	0.0186258	0.337112
-0.0951705	-0.282898	0.954417
-0.175635	-0.429991	0.885584
0.80655	0.0223429	0.590744
0.997342	0.0709214	-0.0167249
0.994385	0.104604	-0.0159856
0.993754	0.0905927	-0.0651571
0.934999	0.029871	-0.353389
0.936425	0.121222	-0.329261
0.938071	-0.122427	-0.324091
0.901791	-0.237323	-0.361179
-0.774281	-0.405734	0.485663
0.927019	-0.2361	-0.291364
0.675127	-0.671869	-0.304625
-0.885863	-0.0613524	0.459873
-0.609774	0.0519486	-0.790871
-0.0752357	0.141592	-0.987062
-0.0773882	0.143681	-0.986594
0.463589	-0.597123	-0.654622
0.37602	-0.56112	-0.737396
0.452028	0.858354	-0.242693
0.33161	0.893538	-0.302695
-0.452029	-0.858406	0.242507
-0.33162	-0.893575	0.302575
0.0512941	-0.985867	-0.159487
0.172114	-0.953253	-0.248365
-0.0497436	0.997468	0.0508243
-0.171713	0.974968	0.141253
-0.62097	0.627043	0.470334
-0.509271	0.668365	0.542154
0.620953	-0.626936	-0.470498
0.509249	-0.668296	-0.542259
0.298861	0.850654	-0.432517
0.21867	0.822403	-0.525202
-0.861737	-0.273479	0.427339
0.633203	0.762107	-0.135083
0.891721	0.378072	-0.248788
-0.828193	0.0626985	0.556925
0.868827	0.435793	-0.234997
0.924677	0.227469	-0.305335
0.919188	0.193113	-0.34322
0.914468	0.210078	-0.345856
0.969319	0.24573	0.00605791
0.973461	0.225777	-0.037393
0.98756	0.157183	0.00435991
0.44018	0.0745781	0.894807
-0.170052	0.0269624	0.985066
0.446427	0.0396814	0.89394
0.9409	0.146795	0.305218
-0.6906	-0.105549	0.715493
-0.567934	-0.165665	0.80623
-0.525389	-0.0917344	0.845903
0.902367	0.345094	-0.258155
0.974108	0.156058	-0.163586
0.955794	0.175614	-0.235833
0.930331	0.256199	-0.262386
-0.430608	0.806277	-0.405579
-0.862044	0.424765	0.276503
-0.476688	0.348155	-0.807191
0.520777	0.458904	-0.71986
-0.811884	0.144166	0.565739
-0.809712	-0.0631843	0.583415
-0.796201	0.0291138	0.604332
-0.845589	0.175066	0.504313
-0.818896	-0.0183101	0.57365
0.774136	0.599819	0.202314
-0.236686	0.925513	0.295643
-0.474429	0.777388	0.41302
-0.250372	0.967036	0.0464182
0.278874	0.947081	0.158958
-0.796501	0.229798	0.559266
-0.808568	-0.0160906	0.588183
-0.810791	0.143973	0.567353
-0.754207	0.416906	0.507308
-0.779037	0.341667	0.525704
-0.821717	0.113518	0.558476
-0.80659	0.231745	0.543789
-0.711871	0.525235	0.466226
0.779451	0.605314	-0.161401
0.704373	0.686163	-0.181765
0.829723	0.515072	-0.215085
0.880593	0.414114	-0.23036
-0.107569	0.982384	0.152812
-0.413349	0.847043	0.334158
-0.265401	0.933067	0.242793
0.0757598	0.995694	0.0534223
0.897731	0.40399	-0.175699
0.930734	0.191021	-0.311841
0.931225	0.141435	-0.33588
0.810552	0.527628	-0.254192
0.452664	0.89117	-0.0301779
0.643328	0.765537	-0.00910656
0.997386	0.0717866	0.00828249
0.987666	0.149948	-0.0450688
0.996485	0.0796081	0.0260965
0.982909	0.15979	-0.0914139
-0.554571	-0.0120222	0.83205
-0.420996	-0.141986	0.895881
-0.890925	-0.00520873	0.454121
0.892969	0.117303	-0.434565
-0.696739	-0.128723	0.705681
-0.774185	0.0312624	0.632187
0.844705	0.47792	-0.240969
0.699799	0.263846	-0.663828
-0.861483	0.258683	0.436956
-0.933371	0.22517	0.279494
-0.762569	0.646906	0.00130634
0.30756	0.871805	-0.381265
-0.818061	-0.0368866	0.573947
-0.761535	0.290413	0.579418
0.981321	0.0732848	-0.177874
0.628499	0.771226	-0.10099
0.622894	0.774079	-0.113155
0.922569	0.312578	-0.226188
-0.629122	0.626383	0.460272
-0.674453	0.635828	0.375281
-0.481988	0.795447	0.367357
0.137114	0.98512	0.103626
-0.827076	0.00549866	0.562064
-0.707022	0.464196	0.533518
-0.577368	0.712331	0.399037
-0.568106	0.709968	0.416174
-0.825117	-0.176213	0.536778
-0.809965	0.157938	0.564812
0.955445	0.158822	-0.2488
0.494925	0.866265	-0.0680676
0.494039	0.866516	-0.0712393
0.631804	0.771388	-0.0760514
-0.363384	0.891489	0.270555
0.951678	0.145054	-0.270682
-0.824196	-0.19399	0.532043
-0.831143	-0.185996	0.524029
0.92783	0.157176	-0.338271
0.172931	0.984028	0.0422301
0.871977	0.455723	-0.178808
-0.666345	0.580357	0.468156
-0.841957	-0.257503	0.474132
0.963777	0.155389	-0.216766
-0.518812	0.776942	0.356644
-0.108514	0.981827	0.155694
0.360881	0.932399	-0.0199371
0.769315	0.627216	-0.121466
-0.768728	0.397074	0.501388
0.637986	0.225037	-0.736432
0.956	0.0306578	0.29176
-0.740778	-0.0560385	0.669408
-0.997608	0.0599128	0.0344709
-0.792945	0.0388639	0.608053
-0.931027	0.135351	0.338923
-0.807627	0.261896	0.528345
0.999804	-0.000227763	0.0197975
0.834639	0.390035	-0.38891
0.884708	0.185508	-0.427644
0.979561	0.135052	-0.149071
-0.473917	-0.0389223	0.879709
-0.190812	-0.147892	0.970422
-0.811695	-0.177653	0.556409
-0.718104	-0.184586	0.67101
-0.98221	-0.124013	0.141014
-0.885025	-0.167288	0.434448
-0.978341	-0.0277281	-0.205133
-0.993704	-0.109124	-0.0253675
0.436423	0.231066	-0.869565
-0.463822	0.0825362	-0.882075
0.731169	0.190976	-0.65492
0.620085	0.187368	-0.761832
0.99372	0.1114	0.0105397
0.889311	0.166468	-0.425928
0.805951	0.0268533	0.591373
0.940289	0.055432	0.335834
0.463822	-0.0825362	0.882075
0.732898	0.175546	-0.657301
0.99372	0.1114	0.0105397
0.888412	0.167346	-0.427456
0.812095	-0.0273051	0.582886
0.953331	0.0585693	0.296192
-0.185565	-0.195279	0.963032
0.466629	-0.108635	0.877756
-0.811695	-0.177653	0.556409
-0.732318	-0.185391	0.655241
-0.979981	-0.143517	0.137985
-0.884491	-0.167799	0.435337
-0.965482	-0.136652	-0.221743
-0.988005	-0.154407	0.00197678
0.44768	0.130426	-0.884631
-0.445561	-0.0447178	-0.894134
0.64627	0.153144	-0.747584
-0.972507	-0.177345	0.150925
-0.94812	-0.242099	-0.206049
-0.98609	-0.16536	0.0167779
0.479304	0.0360458	-0.876908
-0.441642	-0.0666916	-0.894709
0.745206	0.149869	-0.649775
0.657564	0.145658	-0.739185
0.98932	0.145466	-0.00929301
0.887973	0.167899	-0.428152
0.823341	0.00659858	0.567509
0.95692	0.0798494	0.279155
-0.217853	-0.17212	0.960684
0.463822	-0.0825362	0.882075
-0.81699	-0.168766	0.551404
-0.739749	-0.178622	0.648741
-0.884231	-0.168118	0.435743
0.828097	0.00821065	0.560525
-0.227708	-0.172869	0.958262
0.288623	0.557297	0.778535
-0.817451	-0.177036	0.548116
-0.703708	0.304479	0.641941
-0.977139	-0.136172	0.163267
-0.848617	0.26357	0.458673
-0.981023	-0.0848327	-0.174346
-0.943597	0.319449	0.087047
0.476129	0.185973	-0.859486
-0.404915	0.758098	-0.511206
0.74497	0.183111	-0.641474
0.51915	0.636299	-0.57062
0.992972	0.116296	-0.021932
0.731729	0.608298	-0.307485
0.758068	0.571031	0.31505
0.763364	0.6453	-0.0293839
0.92033	0.268728	-0.284213
0.920191	0.251941	-0.299624
0.460904	-0.0812276	0.883725
-0.840566	0.269272	0.470045
-0.861221	-0.288878	0.418149
0.906049	0.212202	-0.366122
0.499641	0.863959	-0.0627203
0.718827	0.652962	-0.238597
0.127815	0.990612	0.0484891
0.293478	0.955831	-0.0160199
-0.338576	0.905335	0.256387
-0.111337	0.98233	0.150439
-0.646123	0.625566	0.437255
-0.495409	0.808497	0.317651
-0.827238	0.329345	0.455203
0.864162	-0.394411	-0.312513
0.889539	-0.393695	-0.231787
0.993255	0.111958	-0.030151
0.777391	0.627029	0.0499824
0.468377	0.882763	0.0367763
0.435378	0.899918	-0.0243621
0.629801	0.750166	-0.201497
0.799217	0.477581	-0.364922
0.913433	-0.0929831	-0.396226
-0.366348	0.871979	0.324719
-0.174045	0.885902	0.429983
0.187453	0.908728	-0.372926
0.0170109	0.919691	-0.392275
-0.416692	0.901927	0.113562
-0.556497	0.823589	0.109599
-0.552048	0.811626	0.191068
-0.687339	0.692216	0.220007
-0.602974	0.771782	0.201927
-0.828075	0.510688	0.23128
-0.300666	0.938992	0.167014
-0.449619	0.871303	0.196659
-0.414794	0.893685	0.171095
-0.479768	0.867757	0.129692
-0.346988	0.934	0.0851116
-0.162809	0.979428	0.119218
-0.0946426	0.967101	0.236132
-0.223186	0.917267	0.329862
-0.279325	0.902954	0.326574
-0.354675	0.877698	0.32226
-0.394108	0.860762	0.32213
-0.432431	0.86814	0.243593
-0.277192	0.942378	0.187321
-0.415717	0.878774	0.234383
-0.382595	0.887521	0.256763
-0.39422	0.879922	0.265193
-0.428181	0.866712	0.255874
-0.382941	0.887709	0.255596
-0.625984	0.723112	0.291981
-0.408917	0.870835	0.272825
-0.461008	0.84645	0.266446
0.461467	-0.846204	-0.266434
0.408416	-0.871046	-0.272903
0.630849	-0.718664	-0.292492
0.382879	-0.887788	-0.255414
0.424415	-0.86893	-0.254622
0.394525	-0.879726	-0.265391
0.382631	-0.887487	-0.256827
0.420987	-0.877142	-0.231068
0.598711	-0.755152	-0.267003
0.432425	-0.86935	-0.239248
0.426374	-0.888581	-0.169203
0.439336	-0.876674	-0.196028
0.410912	-0.0733667	0.908718
0.488882	-0.851133	-0.191224
0.704401	0.194245	0.682706
0.531245	-0.830213	-0.168893
0.79042	0.299001	0.534634
0.651643	-0.716582	-0.248741
0.861555	0.452732	0.229687
0.582115	-0.718805	-0.38008
0.811511	0.562176	-0.159397
0.398857	-0.814958	-0.420425
0.490324	0.549307	-0.676641
0.269592	-0.888896	-0.370384
-0.370984	0.102702	-0.922943
0.3349	-0.877035	-0.344458
-0.492679	0.00759144	-0.870178
0.4544	-0.827256	-0.330407
-0.266915	0.176222	-0.947472
0.313137	-0.886013	-0.341944
0.0214572	0.36159	-0.93209
0.837694	-0.395034	-0.377118
0.0740112	0.379015	-0.922426
0.281163	-0.906759	-0.314223
-0.761081	-0.266409	-0.591424
0.245662	-0.920599	-0.303557
-0.855624	-0.45321	-0.250017
0.340055	-0.887512	-0.310941
-0.830282	-0.379019	-0.408626
0.305393	-0.879367	-0.365307
-0.76118	-0.268465	-0.590366
0.406045	-0.848671	-0.338947
-0.413189	0.0716387	-0.907823
0.727484	-0.242809	-0.641724
0.178754	0.451422	-0.874223
0.657467	-0.262951	-0.706112
0.443854	0.561207	-0.698599
0.752871	-0.658158	-0.00367589
0.435676	-0.892096	-0.119793
0.482628	-0.0153423	0.875691
0.269633	-0.144148	0.952113
-0.143189	0.986362	0.0811614
-0.169721	0.962956	0.20955
-0.159666	0.977983	-0.134373
0.294868	0.621108	0.726139
0.814004	-0.330303	0.477805
0.734322	-0.627327	-0.259289
0.731467	-0.598298	-0.327102
0.646179	-0.607713	-0.461668
0.747545	0.645009	-0.158558
0.729591	0.662554	-0.169468
0.949735	0.157521	-0.270538
0.945287	0.17823	-0.273253
0.111225	0.992601	0.0487078
-0.328557	0.912501	0.243703
-0.12086	0.98382	0.132252
-0.656288	0.65286	0.378233
-0.488102	0.819611	0.299989
-0.851399	0.244591	0.464
-0.788175	0.436599	0.433775
-0.857922	-0.298074	0.418476
0.876371	0.280307	-0.391666
0.88263	0.219846	-0.41549
0.731526	0.619281	-0.285238
0.835673	0.401589	-0.374669
0.481644	0.865337	-0.138607
0.706813	0.644035	-0.292634
0.277845	0.95876	-0.0598542
-0.938824	-0.271924	0.211347
-0.630537	-0.301503	0.715206
-0.424016	0.854519	0.300014
-0.209664	0.976792	0.0437986
-0.944749	-0.0613364	-0.322005
-0.122471	0.928638	0.350189
-0.179151	0.873304	0.453039
-0.133583	-0.169951	0.976357
-0.227728	0.973648	0.0122271
-0.0919216	0.995185	0.0340281
-0.156831	0.987303	0.0252366
-0.170686	0.982176	0.078719
-0.214739	0.973486	0.0788183
-0.1375	0.940271	0.311422
-0.390761	0.0963168	-0.915439
-0.127096	0.974023	0.18742
-0.010751	-0.153964	0.988018
-0.153477	0.933466	0.324169
-0.134854	0.973031	0.187149
-0.00674273	-0.179892	0.983663
-0.202717	0.12838	-0.970785
-0.167393	0.93446	0.314269
-0.0363669	-0.196285	0.979872
-0.148666	0.971574	0.184233
-0.397007	0.0734906	-0.914869
-0.150672	0.949395	0.275586
-0.145779	0.974765	0.169062
-0.11129	-0.218481	0.969474
-0.569469	0.0377675	-0.821145
-0.109873	0.960124	0.257079
-0.139003	-0.226091	0.964137
-0.126585	0.979239	0.158328
-0.362827	0.113416	-0.924929
0.860454	0.275222	-0.428803
0.709165	0.625832	-0.324684
0.749301	0.421892	-0.510445
0.447154	0.874103	-0.189727
0.608971	0.669123	-0.425944
0.0808696	0.996635	-0.0133985
0.201584	0.967601	-0.152028
-0.341162	0.918897	0.198081
-0.150217	0.985785	0.0752501
-0.634819	0.686479	0.354615
-0.480731	0.834388	0.26962
-0.834225	0.308759	0.456877
-0.775587	0.473852	0.417048
-0.855641	-0.298522	0.422805
-0.863132	-0.297174	0.408278
-0.863032	-0.297199	0.408471
0.799487	0.232452	-0.553883
-0.873296	-0.292307	0.389758
-0.86767	-0.292002	0.402347
0.673381	0.299093	-0.676093
0.72212	0.23482	-0.650693
0.535956	0.639598	-0.551058
0.643141	0.504301	-0.576238
0.536025	0.692562	-0.482736
-0.00688711	0.99236	-0.12318
0.15936	0.968976	-0.188919
-0.361446	0.921495	0.142137
-0.168081	0.98497	0.0397928
-0.646626	0.692456	0.319968
-0.502559	0.827258	0.251154
-0.855082	0.315215	0.411672
-0.803106	0.436728	0.405326
-0.870442	-0.287066	0.399905
-0.347724	0.920966	0.175811
-0.644614	0.692495	0.32392
-0.512536	0.825912	0.234896
-0.833087	0.343622	0.433463
-0.776235	0.527471	0.345303
-0.8724	-0.246362	0.422165
-0.915808	-0.179797	0.359122
-0.654213	-0.215682	0.724905
0.749587	0.300132	-0.589949
0.9306	0.207625	-0.301455
0.603383	0.653471	-0.45706
0.727822	0.418319	-0.5434
0.59724	0.675437	-0.432538
0.0304781	0.998514	-0.0451775
0.192733	0.969925	-0.14866
-0.159193	0.98557	0.057521
0.634318	0.627584	-0.451419
0.622037	0.653954	-0.430598
0.0286012	0.997872	-0.0586012
0.215529	0.964635	-0.151743
-0.368357	0.918738	0.142246
-0.158517	0.985602	0.058826
-0.66065	0.703419	0.26219
-0.524928	0.821532	0.222566
-0.857583	0.403729	0.318676
-0.795259	0.524611	0.303885
-0.490255	0.835872	0.246919
-0.943973	-0.152266	0.292798
0.157137	0.984212	-0.0814527
0.702561	0.227177	-0.674388
0.742666	0.40875	-0.530444
0.783743	0.265711	-0.561377
0.944878	0.187389	-0.268498
0.65659	0.602117	-0.454253
0.77007	0.352051	-0.532027
0.437667	0.850122	-0.292815
0.683931	0.569976	-0.455375
0.0924209	0.993655	-0.0640918
0.307296	0.930945	-0.197256
-0.382551	0.907602	0.172955
-0.154378	0.985756	0.0667298
-0.693205	0.66558	0.276533
-0.596147	0.755134	0.272729
-0.939617	0.157406	0.303882
-0.841331	0.413831	0.347715
-0.733619	0.587016	0.342368
-0.238768	0.955765	0.171767
-0.888573	0.360091	0.284207
-0.111733	0.116364	-0.986902
-0.114855	0.132643	-0.984487
-0.105092	0.987345	0.118763
-0.334775	0.1044	-0.936497
0.728121	0.484916	-0.484454
0.745245	0.14283	-0.651314
0.532486	0.772522	-0.34593
0.70563	0.388344	-0.592685
0.134036	0.985995	-0.0992333
0.372777	0.858566	-0.351998
-0.422652	0.884059	0.199513
-0.151022	0.987283	-0.0496395
-0.647985	0.733186	0.206283
-0.0732158	0.996864	0.0300228
-0.263988	0.876056	0.403531
-0.187338	0.978027	0.0914776
0.297331	0.180001	-0.937654
0.0472785	0.156683	-0.986517
0.0473981	0.156695	-0.986509
-0.115437	0.987473	0.107573
-0.112778	0.988544	0.100305
-0.0937251	0.992619	0.0769594
-0.0241901	0.155231	-0.987582
-0.118428	0.963981	0.238151
-0.148876	0.936043	0.318839
-0.232557	0.965195	-0.119653
0.27612	0.0679894	-0.958715
-0.0808151	0.993368	0.0817883
0.249805	0.294568	-0.922403
-0.501637	-0.186608	0.844712
-0.00424959	-0.179642	0.983723
-0.145103	0.969331	0.198348
-0.204736	0.927819	0.311826
-0.0991765	0.989297	0.107032
-0.388257	-0.182693	0.90326
0.227127	0.180046	-0.957077
0.11524	0.167013	-0.979197
0.113801	0.179295	-0.977191
-0.13943	0.955965	0.258244
-0.109371	0.987003	0.117744
-0.0865729	0.136332	-0.986873
-0.054855	0.149952	-0.98717
-0.0543797	0.149022	-0.987338
-0.0383936	0.984358	0.171946
0.988749	0.136913	0.0602521
-0.163501	0.982416	0.0901497
-0.189559	0.979952	0.0613355
-0.605763	0.0437134	-0.794444
-0.230919	0.97031	0.0719375
-0.132223	0.985973	0.101856
-0.0709418	0.983406	0.166971
-0.163587	0.978873	0.122665
-0.766513	-0.00484409	-0.64221
0.941636	0.0857668	0.325524
-0.0848352	0.98324	0.161377
-0.140089	0.981797	0.12826
-0.530159	0.0530982	-0.846234
0.922434	0.0783381	0.378126
0.251332	0.964881	-0.0764025
0.675818	0.668082	-0.311347
0.592246	0.193451	0.78219
0.481714	0.868773	-0.114822
0.34721	0.859706	-0.374635
0.629209	0.657807	-0.413987
0.234652	0.961835	-0.140757
0.18932	0.777931	-0.599151
0.730177	-0.173801	-0.660783
-0.161609	0.985428	0.0530456
0.807348	-0.0648601	-0.5865
-0.211495	0.966726	0.143914
0.824427	-0.122065	-0.552648
-0.217575	0.968146	0.123911
-0.59391	0.738362	0.31952
0.668295	-0.539111	-0.512582
0.291457	0.825381	-0.483528
0.615674	-0.673761	-0.408645
0.721995	-0.462926	-0.514221
0.48659	-0.771191	-0.410482
0.601804	-0.548361	-0.580631
0.643377	-0.672247	-0.366265
0.576621	-0.748381	-0.327772
-0.576662	0.67314	0.462972
0.662673	0.631855	0.402024
-0.486596	0.771396	0.410088
-0.426819	0.827544	0.364688
-0.615691	0.673758	0.408626
-0.475057	0.793555	0.380251
-0.506144	0.805871	0.307231
0.731455	-0.474695	-0.489529
0.506334	-0.500032	-0.702562
-0.423981	0.770448	0.476077
-0.595489	0.722483	0.351299
-0.392911	0.912865	0.110899
-0.174228	0.943732	0.281097
-0.233222	0.968081	0.0917933
-0.776826	-0.196265	0.598349
-0.955685	-0.0646408	-0.287208
0.189526	0.970039	0.152003
0.938656	0.175634	-0.296779
0.0878677	0.987375	-0.131794
-0.0677403	0.995311	-0.0690491
0.37323	0.192674	-0.907511
0.0366034	0.992723	-0.114719
0.181861	0.977565	-0.106274
-0.160433	0.965467	0.205269
0.238961	0.961778	0.133718
-0.18009	0.966413	0.183341
0.133528	0.942326	0.306908
-0.175857	0.975568	0.131688
-0.167268	0.903095	0.395526
-0.135139	0.98518	0.105633
-0.437712	0.822784	0.362539
-0.0550014	0.993387	0.10078
-0.517736	0.830396	0.205892
-0.033624	0.993162	0.111794
-0.431148	0.898343	0.084208
-0.0263486	0.988633	0.148019
-0.0926444	0.978056	0.186611
0.281778	0.951725	-0.121743
0.372748	0.9264	0.0533112
0.21539	0.97638	-0.0170307
0.27357	0.939868	0.204471
0.215821	0.967101	0.13467
-0.272444	0.855255	0.440809
-0.0457162	0.961044	0.272589
-0.42583	0.803673	0.415666
-0.291211	0.889883	0.351148
-0.497548	0.854878	0.147069
-0.386843	0.879122	0.278382
-0.385143	0.92166	-0.0469846
-0.351128	0.933283	0.0754412
-0.0363495	0.988377	-0.14761
-0.194714	0.98077	-0.013328
0.0994676	0.994368	-0.0365917
-0.111713	0.982255	0.150652
-0.111713	0.982255	0.150652
0.225221	0.866364	0.445745
-0.111713	0.982255	0.150652
0.0131352	0.897518	0.440783
-0.111713	0.982255	0.150652
-0.0642358	0.831436	0.551895
-0.111713	0.982255	0.150652
-0.572131	0.577459	0.582415
-0.111713	0.982255	0.150652
-0.445808	0.888381	-0.109703
-0.111713	0.982255	0.150652
-0.208346	0.975728	-0.0674377
-0.111713	0.982255	0.150652
-0.0794238	0.965842	-0.246661
0.516106	0.856449	-0.0114199
-0.797066	0.00196959	-0.603889
0.0303947	0.154907	-0.987461
-0.225631	0.96809	-0.109056
0.603851	0.1875	-0.774731
-0.0879736	0.983384	-0.158799
0.969207	0.0742175	0.234796
0.1791	0.980348	0.082714
0.638347	-0.045255	0.768417
0.142913	0.91448	0.378552
0.206419	-0.125358	0.9704
0.0172669	0.89376	0.448213
-0.513783	-0.186856	0.837324
-0.0774051	0.884467	0.460137
-0.992755	-0.117063	0.0270938
-0.329206	0.87373	0.358076
-0.364943	0.930071	-0.0422377
-0.153141	-0.93223	-0.327865
-0.117168	-0.990485	0.0721819
-0.992755	-0.117063	0.0270938
0.134121	-0.975412	0.17488
-0.513783	-0.186856	0.837324
0.227493	-0.959851	0.164114
0.206419	-0.125358	0.9704
0.352656	-0.930844	0.0957253
0.638347	-0.045255	0.768417
0.392569	-0.896554	-0.205137
0.969207	0.0742175	0.234796
0.124683	-0.88651	-0.445593
0.603851	0.1875	-0.774731
-0.0112029	-0.917223	-0.398217
0.0303947	0.154907	-0.987461
-0.797066	0.00196959	-0.603889
0.690797	-0.679552	-0.247002
0.126395	-0.842293	-0.523991
0.111713	-0.982255	-0.150652
0.00871867	-0.932849	-0.360163
0.111713	-0.982255	-0.150652
-0.243408	-0.891252	-0.382652
0.111713	-0.982255	-0.150652
-0.411494	-0.834764	0.365844
0.111713	-0.982255	-0.150652
0.138391	-0.950382	0.278609
0.111713	-0.982255	-0.150652
0.225175	-0.961843	0.155418
0.111713	-0.982255	-0.150652
0.424918	-0.887868	0.176452
0.111713	-0.982255	-0.150652
0.111713	-0.982255	-0.150652
0.313978	-0.891754	-0.325873
0.0249384	-0.950558	-0.309543
0.176499	-0.883135	-0.434651
-0.135005	-0.967012	-0.216014
-0.174844	-0.927438	-0.330587
-0.174885	-0.984561	-0.00745744
-0.292621	-0.947439	-0.129357
-0.0768538	-0.99511	0.0620379
-0.224836	-0.963606	0.144612
0.175512	-0.984141	-0.0257505
-0.0631113	-0.985338	0.158511
0.427208	-0.891557	-0.150399
0.479888	-0.874223	-0.0737626
0.423719	-0.85538	-0.297973
0.568562	-0.79519	-0.210738
0.479516	-0.786897	-0.388403
0.130594	-0.984809	-0.11444
0.196258	-0.968671	-0.15218
-0.220402	-0.954685	-0.199998
0.188938	-0.963757	-0.188346
-0.315644	-0.946535	-0.0666422
0.167775	-0.965398	-0.199646
-0.233982	-0.968267	0.0878168
0.0879984	-0.976791	-0.195282
0.0483991	-0.993323	0.104722
0.0470643	-0.984503	-0.168935
0.34726	-0.937586	0.0185305
0.0426658	-0.992208	-0.117059
0.448635	-0.881215	-0.148951
0.0623639	-0.993504	-0.0951857
0.388282	-0.837427	-0.384646
0.249692	-0.880899	-0.402083
0.375628	0.171587	-0.910748
0.150059	-0.91972	-0.362764
0.297937	-0.859619	-0.415078
0.943779	0.1306	-0.303685
0.402797	-0.905188	-0.135607
0.260062	0.175215	-0.949562
0.959168	0.0669401	0.2748
0.458675	0.185453	-0.869036
-0.955685	-0.0646408	-0.287208
-0.935909	-0.0530329	-0.348228
-0.780369	-0.165111	0.603127
-0.158589	-0.16728	0.973071
-0.0118557	-0.978325	-0.206734
0.0466948	-0.998767	-0.0168315
-0.179033	-0.967693	-0.177528
-0.410241	-0.906313	0.101485
-0.228292	-0.950193	0.212171
0.360311	0.783903	-0.50564
0.592544	0.746705	-0.302199
-0.306311	-0.951183	0.0377362
-0.276248	-0.954522	0.112142
-0.438708	-0.882413	0.169952
-0.222277	-0.970927	0.0888505
-0.291354	-0.945285	0.146794
0.798221	-0.56111	0.219086
-0.398958	-0.889358	0.223325
0.386956	0.919282	-0.0720113
0.467458	0.874548	-0.129027
0.446917	0.813691	-0.371716
0.291375	0.945211	-0.147228
0.58507	0.740984	-0.329598
0.438689	0.882418	-0.169969
0.448962	-0.560372	-0.696001
0.516043	0.799556	-0.307263
-0.406288	-0.911322	0.0665
0.00449695	-0.984457	-0.175568
0.758461	0.45797	-0.463682
0.0107878	-0.987722	-0.155846
0.753208	0.411069	-0.513517
0.060472	-0.967268	-0.246448
0.651568	0.517383	-0.554774
0.335153	-0.504331	-0.795816
0.435143	-0.801013	-0.411131
0.743945	-0.350894	-0.568699
0.514424	-0.612393	-0.600285
0.656505	-0.667932	-0.350525
0.646192	-0.281406	0.709399
0.79495	-0.381107	-0.47203
0.454239	-0.819231	-0.350038
0.92933	0.0177021	0.368826
0.926796	0.0482819	0.372448
-0.533758	0.0847482	-0.84138
-0.655314	0.0411502	-0.754235
0.0831898	-0.981429	-0.172848
0.138497	-0.980446	-0.139801
0.947912	0.0305847	0.317061
0.925916	0.0478381	0.374688
-0.76997	0.0254508	-0.637573
-0.841626	-0.0129115	-0.539907
0.0594509	-0.982213	-0.178113
0.152268	-0.979207	-0.134042
0.0908886	-0.975771	-0.199024
-0.0097876	-0.974015	-0.226272
-0.607852	0.0622206	-0.791608
0.0322955	-0.970764	-0.237854
0.0592163	-0.975864	-0.210199
0.996123	0.0721585	0.0503249
0.18438	-0.974421	-0.128479
0.551431	0.187392	-0.812901
0.956374	0.0650884	0.284801
-0.389085	0.0962635	-0.916158
-0.0535481	0.14171	-0.988459
-0.0234772	0.14895	-0.988566
-0.0538075	0.140741	-0.988583
-0.0877411	0.146328	-0.985337
-0.17708	-0.168851	0.969604
0.113931	-0.976415	-0.183392
0.0825369	-0.99574	-0.0410954
0.117424	0.14744	-0.982076
0.11605	0.15989	-0.98029
0.228753	0.16572	-0.959275
0.23064	0.173089	-0.95752
0.124014	-0.97314	-0.193955
0.0144936	-0.999764	0.0161846
-0.334648	0.105561	-0.936412
0.0773649	-0.991299	-0.106494
-0.0104617	-0.125011	0.9921
0.277228	0.0532152	-0.959329
0.14196	-0.965424	-0.218639
0.251777	0.281832	-0.92584
-0.0187486	-0.912903	-0.407746
0.0708615	-0.997234	0.0224146
-0.00700944	-0.152376	0.988298
0.1041	-0.992636	-0.0619424
-0.0868762	0.141367	-0.986138
-0.0227606	0.142663	-0.98951
0.129047	-0.966132	-0.223462
0.110361	-0.973435	-0.200612
0.107777	-0.975173	-0.193445
0.0473981	0.156695	-0.986509
0.0472785	0.156683	-0.986517
0.297852	0.17542	-0.938356
0.295313	0.177566	-0.938755
-0.668094	-0.186463	0.720335
0.0350588	-0.977407	-0.20844
-0.0515604	-0.991786	0.117055
0.148395	-0.951687	-0.268833
-0.463977	-0.884857	-0.0418747
0.0677373	-0.936281	-0.344658
-0.211371	-0.973667	-0.0854128
0.540084	-0.612129	-0.577587
0.343738	-0.857845	-0.38203
0.753294	-0.030756	-0.656964
0.67709	-0.498934	-0.540937
0.736028	0.223792	-0.63889
0.800062	-0.14763	-0.581469
-0.334879	0.105966	-0.936284
0.118212	-0.976097	-0.182377
-0.185473	0.128328	-0.974234
-0.11601	0.14389	-0.98277
-0.116626	0.159382	-0.980304
-0.777768	-0.613925	0.134806
-0.0172742	-0.991761	-0.126932
-0.574957	-0.808045	0.128402
-0.8289	-0.175725	0.531079
-0.717804	-0.672271	0.181134
-0.871389	-0.44248	0.211877
-0.406365	-0.913556	0.0167955
-0.520526	-0.852728	0.0436644
0.0680558	-0.970036	-0.233237
-0.167998	-0.978893	-0.116384
0.497293	-0.739633	-0.453479
0.306025	-0.884498	-0.352152
0.77662	-0.24501	-0.580372
0.603457	-0.607603	-0.51639
0.810205	-0.000789775	-0.586147
0.757052	-0.281222	-0.589734
0.953379	0.11265	-0.279961
0.803599	0.0911267	-0.588154
0.797029	0.179108	-0.576772
0.795994	-0.0598695	-0.602336
0.712184	0.142558	-0.687366
0.366466	-0.85638	-0.363753
-0.989856	-0.123382	0.0704481
-0.943973	-0.152266	0.292798
-0.286268	-0.957735	-0.0281717
-0.650052	-0.752167	0.108061
-0.736849	-0.657846	0.155858
-0.324043	-0.944806	-0.0483428
-0.480962	-0.876516	0.01987
0.0637291	-0.96846	-0.24088
-0.152747	-0.977042	-0.148515
0.416742	-0.804562	-0.423091
0.244909	-0.90405	-0.350304
0.735527	-0.344019	-0.583653
0.741026	-0.310625	-0.595309
0.0630159	-0.968193	-0.242138
0.395777	-0.815396	-0.42248
0.247332	-0.908208	-0.337618
0.716001	-0.368848	-0.5927
0.783178	-0.0682606	-0.618039
0.716342	-0.339807	-0.609413
0.942783	0.100593	-0.31787
0.77689	0.0600875	-0.626762
0.769817	0.181408	-0.611942
-0.66082	-0.157582	0.733815
-0.880795	-0.168067	0.442666
-0.920321	-0.140121	0.365207
-0.890483	-0.0873709	0.44655
-0.629482	-0.762907	0.147395
-0.722291	-0.630564	0.284049
-0.310582	-0.949808	-0.0374526
-0.465647	-0.88111	0.0825692
-0.131013	-0.984519	-0.116442
-0.898255	-0.0425126	0.437413
-0.673572	-0.702214	0.230642
-0.750706	-0.602534	0.270913
-0.300015	-0.953681	-0.0219927
-0.467749	-0.880347	0.0787419
0.0536163	-0.96434	-0.25918
-0.145408	-0.978057	-0.149204
0.361677	-0.809921	-0.461756
0.206923	-0.887602	-0.411516
0.658392	-0.383323	-0.647753
0.718372	-0.157101	-0.677687
0.644406	-0.313893	-0.697289
0.733726	0.132784	-0.666344
0.699456	0.0698239	-0.711257
0.692542	0.185676	-0.697073
-0.896554	-0.0380383	0.441298
-0.895431	-0.165243	0.413398
-0.902529	-0.0352634	0.429182
0.811903	0.123284	-0.570627
0.87853	0.168473	-0.446992
-0.892966	-0.0340012	0.448839
-0.878528	-0.168473	0.446996
-0.893064	-0.0339873	0.448644
-0.885567	-0.035391	0.463162
-0.638199	-0.734155	0.231773
-0.730265	-0.605333	0.316678
-0.276544	-0.960984	-0.00574185
-0.456382	-0.882453	0.113982
0.0724061	-0.971671	-0.224972
-0.124317	-0.987747	-0.0943473
0.403786	-0.810295	-0.42471
0.297122	-0.904807	-0.30503
0.726281	-0.362343	-0.584143
0.621439	-0.658325	-0.424761
0.805976	-0.0769737	-0.586922
0.817882	-0.330078	-0.471294
0.884944	0.0598836	-0.46183
-0.359908	0.0877151	-0.928855
0.0967712	-0.984911	-0.143475
-0.152699	-0.105664	0.982608
0.0962119	-0.994766	-0.0344013
0.014369	-0.149988	0.988583
-0.574202	0.0783384	-0.814957
-0.123716	-0.109479	0.98626
0.0769574	-0.987966	-0.134165
-0.175739	-0.168739	0.969867
0.0741124	-0.996945	-0.0246743
-0.401224	0.0931115	-0.911235
0.0737891	-0.989899	-0.121061
-0.0455615	-0.115423	0.992271
0.0538789	-0.998404	0.0169219
-0.0748647	-0.159489	0.984357
-0.202159	0.123474	-0.971538
-0.0129523	-0.125283	0.992036
0.0882035	-0.989249	-0.116646
-0.00616548	-0.152283	0.988318
0.0658005	-0.997434	0.0282255
-0.0110453	-0.15135	0.988419
0.0954391	-0.988494	-0.117346
-0.390683	0.0956333	-0.915544
0.0823748	-0.996494	0.0146162
-0.00734815	-0.152413	0.98829
0.00433748	-0.975745	-0.218869
0.0512251	-0.973924	-0.221018
-0.701156	0.0295197	-0.712397
0.060355	-0.960571	-0.271404
-0.210246	0.124807	-0.969649
0.129926	-0.955415	-0.265144
-0.0079475	-0.958745	-0.284156
0.161644	0.167543	-0.972523
-0.226528	-0.172781	0.958557
-0.134683	-0.160282	0.97784
-0.014837	-0.153233	0.988079
0.0287655	-0.986653	0.160274
0.12054	-0.991938	0.0391062
-0.945468	-0.0550145	-0.321035
0.0109065	-0.967113	-0.254112
-0.472895	0.0807882	-0.877407
-0.215801	-0.976248	0.0192212
-0.656893	-0.0697409	0.750751
-0.967954	-0.0157912	0.250631
0.479305	-0.812619	-0.331537
0.820662	-0.357001	-0.446167
0.654861	-0.657735	-0.372213
0.890367	-0.0787886	-0.448374
0.839579	-0.330754	-0.430939
0.894863	0.11229	-0.431986
0.90283	0.0476588	-0.427348
0.896038	0.165117	-0.412131
-0.887838	-0.0350112	0.458823
-0.658083	-0.707239	0.25834
-0.760852	-0.551556	0.341892
-0.285946	-0.957855	0.0273711
-0.4839	-0.8629	0.145755
0.102522	-0.980271	-0.16899
-0.111895	-0.992537	-0.0484784
0.327925	-0.912776	-0.243527
0.95161	0.122633	-0.28178
0.951493	0.142058	-0.27291
0.851081	-0.40567	-0.333305
0.865103	-0.388648	-0.317094
0.48114	0.843407	-0.2391
0.570897	0.813543	-0.110563
0.569597	0.821085	-0.0371413
0.73729	0.344329	0.581241
0.448233	-0.727671	0.519212
0.0544002	-0.904466	-0.423062
0.0528917	-0.994476	-0.0906665
0.079593	-0.972413	-0.219266
0.2633	-0.0886832	0.960629
0.49669	-0.138988	0.856727
0.224989	0.960404	0.164331
0.589491	0.778184	0.216633
0.532463	-0.217453	-0.818045
0.559583	0.597719	-0.574108
0.243861	-0.12195	-0.962112
0.634442	0.575304	-0.516245
-0.417785	0.111045	-0.901734
0.198239	0.978393	-0.058719
-0.82097	0.257252	-0.509735
0.0925278	0.992634	-0.0782035
-0.906493	0.291076	-0.305851
0.126316	0.99173	-0.0227118
-0.942141	0.307558	-0.133337
0.0273308	0.999585	-0.00907107
-0.820458	0.255675	-0.511351
0.06454	0.99767	-0.0221243
0.124256	-0.0632943	-0.990229
0.716983	0.663179	-0.214779
0.068935	-0.0553986	-0.996082
0.0993536	0.993604	-0.0536586
-0.253486	0.0579313	-0.965603
0.25033	0.966582	-0.0552715
-0.508071	0.141995	-0.84953
0.122459	0.990779	-0.0579804
-0.370251	0.0962583	-0.923931
0.0553433	0.99514	-0.0814471
0.575932	-0.202522	-0.792015
0.195968	0.969569	-0.146737
0.909267	-0.297356	-0.291227
0.397044	0.908475	-0.130498
0.947218	-0.299528	0.114284
0.469737	0.8828	-0.00342292
0.854354	-0.262551	0.448493
0.330015	0.938406	0.102391
0.752507	-0.227721	0.617962
0.283428	0.955146	0.0858194
0.415142	-0.110557	0.903014
0.229377	0.969431	0.0871156
0.215028	0.969717	0.115811
0.222791	0.973897	0.0434574
0.409053	0.912441	-0.0112383
0.210203	0.97621	0.0531872
0.169668	0.985033	0.030368
0.182679	0.982963	0.0202966
0.214553	0.9763	0.0283869
0.169884	0.98495	0.0318249
0.447529	0.893122	-0.0452944
0.197876	0.980165	0.0110239
0.255277	0.966798	0.0116338
-0.254785	-0.966927	-0.0116807
-0.198413	-0.980056	-0.0110549
-0.441826	-0.896038	0.0436541
-0.169962	-0.984943	-0.0316196
-0.218661	-0.975437	-0.0266596
-0.182346	-0.98302	-0.0205333
-0.169627	-0.985038	-0.0304384
-0.204595	-0.977552	-0.0503287
-0.0571537	-0.992351	-0.109418
-0.222912	-0.974061	-0.0389374
-0.184521	-0.982035	0.0394931
-0.142351	-0.989164	0.0359326
-0.0632028	-0.997383	0.0351147
-0.00520764	-0.999342	0.0359049
0.127909	-0.989719	-0.0639928
0.0602081	-0.981538	-0.181545
-0.130487	-0.969631	-0.206855
-0.272989	-0.950383	-0.149163
-0.202546	-0.972482	-0.115128
-0.240547	-0.966885	-0.0852724
-0.081468	-0.988346	-0.128589
-0.687174	-0.725299	0.0416251
-0.411786	-0.909562	-0.0559373
-0.510863	-0.859474	-0.0179815
-0.353718	-0.932227	-0.0763934
-0.358132	-0.920228	-0.157868
-0.204546	-0.96353	-0.172544
0.205195	-0.73515	-0.646103
0.3696	-0.693303	-0.618649
0.0391958	-0.98903	0.142417
-0.154882	-0.98714	0.0395682
0.856879	0.404147	-0.320036
0.871796	-0.160584	-0.4628
0.771932	-0.49954	-0.393169
0.621187	-0.733847	-0.274946
0.651642	-0.728755	-0.210423
0.897316	-0.427032	-0.111657
0.992011	0.122892	-0.0284973
0.773115	0.629832	-0.0748627
0.745516	0.648803	-0.152512
-0.71899	-0.622442	0.309224
-0.294917	-0.954352	0.0472764
-0.477991	-0.852764	0.210519
0.112089	-0.982179	-0.150864
-0.12281	-0.991827	-0.0345874
0.495375	-0.819444	-0.288297
0.343658	-0.907221	-0.242588
0.83614	-0.378692	-0.396815
0.674664	-0.674964	-0.29875
0.917687	0.109826	-0.381822
0.950576	0.149821	-0.271955
-0.889048	-0.0442033	0.455675
-0.883921	-0.167494	0.436612
-0.744669	-0.573912	0.340725
0.461319	-0.0848811	0.883165
0.942429	0.0564057	-0.329614
0.946769	0.0362663	-0.319863
0.88494	-0.423677	-0.193337
0.875093	-0.457711	0.157206
0.836613	-0.313915	-0.448928
0.992972	0.116296	-0.021932
0.626633	-0.30872	-0.715558
0.74497	0.183111	-0.641474
-0.245643	-0.642332	-0.725995
0.476129	0.185973	-0.859486
-0.847008	-0.529821	-0.0432148
-0.981023	-0.0848327	-0.174346
-0.754154	-0.567013	0.331284
-0.977139	-0.136172	0.163267
-0.597742	-0.62747	0.498984
-0.817451	-0.177036	0.548116
0.429929	-0.685162	0.587975
-0.227708	-0.172869	0.958262
0.828097	0.00821065	0.560525
-0.884389	-0.166725	0.435958
-0.738625	-0.188292	0.647286
-0.815075	-0.185596	0.548822
0.463822	-0.0825362	0.882075
-0.217853	-0.17212	0.960684
0.959936	0.0531423	0.275134
0.823341	0.00659858	0.567509
0.888244	0.165504	-0.428522
0.996238	0.0846354	-0.0186228
0.648258	0.227662	-0.726589
0.737634	0.216461	-0.639563
-0.475371	0.229872	-0.849224
0.445762	0.331068	-0.831679
-0.997202	-0.0676549	0.0317963
-0.984515	0.078129	-0.15693
-0.98208	-0.0931458	0.163838
0.638586	0.220713	-0.737221
-0.47435	0.208414	-0.85531
0.435353	0.238811	-0.868007
-0.997165	-0.0738693	0.0143291
-0.978838	-0.0192209	-0.203732
-0.884587	-0.166958	0.435466
-0.982371	-0.122506	0.141207
-0.73267	-0.18229	0.655717
-0.811695	-0.177653	0.556409
0.460686	-0.0563789	0.885771
-0.191369	-0.144251	0.97086
0.95236	0.0671101	0.297502
0.805445	0.0311567	0.591852
0.888576	0.165907	-0.427677
0.99372	0.1114	0.0105397
0.731004	0.192196	-0.654747
0.463822	-0.0825362	0.882075
0.940289	0.055432	0.335834
0.811638	-0.0231607	0.583701
0.889311	0.166468	-0.425928
0.99372	0.1114	0.0105397
0.620085	0.187368	-0.761832
0.732789	0.176736	-0.657103
-0.463822	0.0825362	-0.882075
0.446971	0.138322	-0.88379
-0.993704	-0.109124	-0.0253675
-0.966912	-0.12822	-0.220546
-0.885025	-0.167288	0.434448
-0.980166	-0.141984	0.138258
-0.718104	-0.184586	0.67101
-0.811695	-0.177653	0.556409
-0.185848	-0.191548	0.963727
-0.441019	-0.328178	0.835345
0.979732	0.133543	-0.149302
0.888945	0.148262	-0.433354
0.886313	-0.064324	-0.458597
0.975466	0.21377	0.0526189
-0.71221	-0.577082	0.399667
-0.866677	-0.43046	0.252143
-0.744157	-0.390106	0.542262
-0.958399	-0.284837	-0.0183977
-0.712065	-0.308592	0.630662
0.948688	0.0949554	0.301621
0.646655	0.14876	-0.748136
-0.645521	-0.686235	0.335237
0.883674	-0.378307	-0.275687
0.555825	-0.781706	-0.282834
0.114907	-0.982647	-0.145604
-0.323347	-0.941695	0.0930492
0.966528	0.131208	-0.220475
-0.861495	-0.0857123	0.50048
-0.506589	-0.824319	0.252716
0.944216	-0.179377	-0.276188
0.385991	-0.889347	-0.245098
0.966229	0.142789	-0.214504
0.94774	0.150901	-0.281102
0.922844	0.158779	-0.350924
0.992419	0.102458	0.0678784
-0.886922	-0.166926	0.430704
-0.827497	-0.175892	0.533207
-0.833226	-0.175199	0.524442
0.948792	0.150506	-0.277745
0.958619	0.146467	-0.244123
0.92778	0.157617	-0.338203
-0.109803	-0.162874	0.980518
-0.644448	-0.187009	0.741427
0.99337	0.114521	-0.0100651
0.974922	0.137694	-0.174836
-0.808841	-0.177949	0.560455
-0.816459	-0.177144	0.549558
-0.833579	-0.164583	0.527313
-0.828289	-0.157998	0.537563
0.950647	0.154117	-0.269291
-0.149562	-0.988592	-0.0178021
0.782764	-0.555956	-0.279631
0.669477	-0.676049	-0.307828
0.670397	-0.676556	-0.304696
0.958078	0.135668	-0.252351
-0.736077	-0.491743	0.465167
-0.825127	-0.176128	0.536791
-0.384108	-0.907867	0.168043
-0.393201	-0.907023	0.150673
-0.569546	-0.744602	0.348117
-0.786307	-0.352969	0.507083
0.353375	-0.916393	-0.188016
-0.283023	-0.953986	0.0990409
-0.505451	-0.850178	0.147368
-0.460461	-0.856604	0.232818
0.960528	-0.021178	-0.277376
0.773418	-0.549433	-0.316146
0.778664	-0.549155	-0.303499
0.966923	0.199875	-0.158458
-0.807563	-0.17808	0.562254
-0.659287	-0.608592	0.44154
-0.78642	-0.315105	0.531275
-0.754818	-0.182478	0.630041
0.478365	-0.630132	-0.611638
-0.601521	-0.769136	-0.215877
-0.85125	-0.496888	0.168747
-0.768504	-0.558863	0.311566
0.717892	0.10476	-0.688227
0.920396	-0.187599	-0.343043
0.945022	0.151894	-0.289589
-0.726726	-0.386067	0.568174
-0.683849	-0.242091	0.68829
0.881797	0.215533	-0.419499
-0.854545	-0.325081	0.405061
-0.41142	-0.225551	0.883097
-0.515365	-0.35678	0.779171
0.990366	0.0942166	-0.101478
0.989962	0.136958	0.0348927
0.99441	0.0906747	-0.0541058
0.988524	0.1497	0.0202321
0.990699	0.121935	-0.0603901
-0.485255	-0.186218	0.854313
0.929582	0.0497027	0.365249
0.794985	-0.567772	-0.213621
0.635913	-0.720218	-0.27731
0.897559	-0.237394	-0.371526
0.927716	0.172289	-0.331148
0.938926	0.118969	-0.3229
0.958067	-0.126552	-0.257084
0.294183	-0.92483	-0.241135
-0.0458301	-0.997526	-0.0533097
-0.205892	-0.977062	0.0543877
0.11585	-0.982105	-0.148487
0.941748	-0.123549	-0.312805
0.91481	-0.233098	-0.329831
0.83127	-0.429514	-0.352856
0.887407	-0.343903	-0.306986
-0.563142	-0.782495	0.265654
-0.717294	-0.553398	0.423368
-0.757495	-0.451152	0.471872
-0.666914	-0.644185	0.374501
-0.626813	-0.703236	0.335505
-0.739861	-0.479692	0.4717
-0.77212	-0.336567	0.53903
-0.707367	-0.553947	0.439061
0.485111	-0.866295	-0.119166
-0.0303337	-0.967689	-0.250317
-0.278082	-0.949052	0.148226
-0.0177129	-0.999843	0.000344665
0.893269	-0.44759	0.041652
-0.783166	-0.332469	0.525466
-0.769088	-0.497578	0.401147
-0.749594	-0.380665	0.541482
-0.783731	-0.291627	0.548378
-0.740938	-0.479637	0.470064
0.584249	-0.099273	-0.80548
-0.415553	-0.189382	-0.889635
-0.738007	-0.665896	0.109216
-0.256558	-0.724021	-0.640291
0.954504	0.0436574	-0.294986
0.962539	0.116297	-0.244937
0.978537	0.117113	-0.169559
0.94689	-0.0463787	-0.318196
-0.503935	-0.280373	0.816971
-0.56297	-0.209239	0.799553
-0.672444	-0.265191	0.691008
0.959906	-0.020309	0.279587
0.474083	-0.203484	0.856645
-0.126733	-0.353922	0.926649
0.475679	-0.237554	0.846934
0.997553	0.069316	-0.0091165
0.997455	0.0148106	-0.0697497
0.999258	-0.0175142	-0.0343148
0.926106	0.107745	-0.36155
0.927076	0.123777	-0.353849
0.941241	0.0818249	-0.327673
0.934875	-0.144912	-0.324052
-0.775016	-0.404869	0.485212
0.944062	-0.0821455	-0.319373
0.780104	-0.529549	-0.333189

