normals
-0.935111	0.0681069	-0.347749
-0.935107	0.068108	-0.347759
-0.218737	0.23457	-0.94717
-0.218673	0.234571	-0.947185
0.897277	0.125773	-0.423172
0.897284	0.125768	-0.423158
0.999549	0.0144141	0.0263509
0.999549	0.0144194	0.0263382
-0.86705	-0.3023	-0.39603
-0.867061	-0.3023	-0.396005
-0.164454	-0.0486607	-0.985184
-0.164456	-0.0486612	-0.985183
0.862873	0.308414	-0.400413
0.862865	0.308413	-0.400432
0.941077	0.331571	0.0665966
0.941077	0.331569	0.0666066
-0.68976	-0.631379	-0.354389
-0.689741	-0.631381	-0.354423
-0.0287279	-0.300577	-0.953325
-0.0287447	-0.300587	-0.953321
0.775559	0.470471	-0.42091
0.775557	0.470469	-0.420916
0.789388	0.613113	0.0309825
0.789387	0.613113	0.0310003
-0.427045	-0.874882	-0.228505
-0.427052	-0.874881	-0.228496
0.170778	-0.488415	-0.855737
0.170787	-0.488406	-0.85574
0.646385	0.591451	-0.48205
0.646384	0.591445	-0.482058
0.564451	0.82198	-0.0757907
0.56445	0.821981	-0.0757837
-0.162481	-0.9867	-0.00473428
-0.129726	-0.990678	-0.0415629
0.377364	-0.616954	-0.690627
0.401235	-0.577442	-0.711035
0.495735	0.654593	-0.570749
0.497437	0.64895	-0.575691
0.305608	0.922115	-0.237291
0.306011	0.921734	-0.238253
0.0927258	-0.951734	0.292584
0.0810702	-0.949828	0.302082
0.601051	-0.660524	-0.44994
0.594433	-0.674489	-0.437851
0.337582	0.649191	-0.681608
0.336256	0.651123	-0.68042
0.0463936	0.900132	-0.433139
0.0462108	0.900263	-0.432886
0.387962	-0.780849	0.489653
0.290029	-0.781002	0.5531
0.828152	-0.472846	-0.300966
0.801677	-0.566716	-0.190121
0.216004	0.559294	-0.800333
0.201471	0.571353	-0.795591
-0.167709	0.759131	-0.628963
-0.169578	0.760042	-0.627359
0.598579	-0.503494	0.623054
0.5272	-0.51948	0.672458
0.954979	-0.211287	-0.208262
0.957256	-0.257897	-0.130954
0.142359	0.415897	-0.8982
0.130258	0.421104	-0.89761
-0.309363	0.519376	-0.796582
-0.310953	0.519788	-0.795694
0.645045	-0.174277	0.744005
0.64502	-0.174287	0.744025
0.992724	0.0487289	-0.110116
0.992725	0.0487254	-0.110105
0.116968	0.245472	-0.962321
0.116959	0.245473	-0.962322
-0.353658	0.222001	-0.908648
-0.35365	0.222001	-0.908651
0.575917	0.195738	0.793729
0.575916	0.195737	0.79373
0.940135	0.332583	-0.0743946
0.940133	0.332583	-0.0744136
0.152293	0.06316	-0.986315
0.152286	0.0631583	-0.986316
-0.293415	-0.0945109	-0.951302
-0.293425	-0.0945126	-0.951299
0.398589	0.524803	0.752136
0.398605	0.524815	0.752119
0.804408	0.584495	-0.106273
0.804408	0.584494	-0.106274
0.239613	-0.0988863	-0.965819
0.239597	-0.0988974	-0.965822
-0.141752	-0.376061	-0.915688
-0.141727	-0.37605	-0.915696
0.136954	0.768705	0.624769
0.136949	0.7687	0.624776
0.603213	0.77168	-0.201605
0.603201	0.771705	-0.201546
0.367858	-0.220212	-0.903431
0.367868	-0.220199	-0.90343
0.0814484	-0.585565	-0.806524
0.0814381	-0.585572	-0.806519
-0.164823	0.88518	0.435075
-0.164818	0.885185	0.435067
0.371833	0.86101	-0.346989
0.371858	0.860979	-0.34704
0.516891	-0.277727	-0.809748
0.516888	-0.277736	-0.809747
0.339883	-0.685323	-0.644059
0.339887	-0.685318	-0.644062
-0.46769	0.859175	0.207569
-0.46769	0.859174	0.20757
0.141296	0.840435	-0.523169
0.141268	0.840457	-0.52314
0.6662	-0.263578	-0.697642
0.666201	-0.263559	-0.697648
0.599403	-0.662113	-0.449802
0.599399	-0.662121	-0.449796
-0.718429	0.695315	-0.0198898
-0.718429	0.695316	-0.0198909
-0.0506774	0.715021	-0.697264
-0.0506413	0.715003	-0.697285
0.789679	-0.182864	-0.585634
0.789683	-0.182881	-0.585624
0.813918	-0.521932	-0.255194
0.81392	-0.521925	-0.255201
-0.883331	0.415633	-0.216737
-0.883335	0.415631	-0.216728
-0.178979	0.501002	-0.846737
-0.179039	0.501016	-0.846716
0.871715	-0.0458563	-0.487863
0.871711	-0.0458503	-0.48787
0.955208	-0.283203	-0.0858696
0.955207	-0.283207	-0.0858637
0.982644	-0.0256779	0.183717
0.982643	-0.0256821	0.183721
0.973771	-0.0362001	0.224633
0.973771	-0.0362005	0.224633
0.947473	-0.0593906	0.314273
0.947474	-0.0593881	0.31427
0.879357	-0.0990733	0.465741
0.879359	-0.0990707	0.465738
0.918728	0.322138	0.228397
0.918728	0.32214	0.228394
0.908673	0.318192	0.270308
0.908673	0.318189	0.270312
0.880134	0.307241	0.361894
0.880134	0.307242	0.361893
0.80942	0.280813	0.515736
0.809418	0.280811	0.515739
0.752312	0.631014	0.189336
0.752312	0.631014	0.189335
0.739097	0.632933	0.230504
0.739097	0.632932	0.230504
0.704656	0.632937	0.320704
0.704656	0.632937	0.320702
0.627522	0.618429	0.473036
0.627521	0.618426	0.47304
0.505563	0.859802	0.0717392
0.505563	0.859802	0.0717354
0.487688	0.865992	0.110538
0.487688	0.865992	0.110535
0.444598	0.873971	0.196232
0.444598	0.873971	0.196235
0.35822	0.868185	0.343414
0.358221	0.868187	0.343408
0.222188	0.96918	-0.106403
0.222188	0.969181	-0.106398
0.198969	0.977433	-0.0709611
0.198969	0.977433	-0.0709588
0.145903	0.989263	0.0084702
0.145903	0.989263	0.00846447
0.0486792	0.987665	0.148821
0.048678	0.987664	0.148827
-0.0607788	0.944857	-0.321794
-0.0607783	0.944855	-0.321798
-0.089443	0.952737	-0.290332
-0.0894421	0.952735	-0.290338
-0.152709	0.963867	-0.218266
-0.152712	0.963869	-0.218255
-0.261223	0.961471	-0.0856474
-0.261222	0.961471	-0.0856519
-0.296131	0.791056	-0.535292
-0.29613	0.791054	-0.535295
-0.329263	0.796013	-0.507887
-0.329264	0.796014	-0.507885
-0.400875	0.801692	-0.443383
-0.400872	0.80169	-0.443389
-0.51847	0.793358	-0.319016
-0.518472	0.793359	-0.319012
-0.452507	0.528263	-0.718453
-0.452509	0.528265	-0.718451
-0.488451	0.528199	-0.694566
-0.488455	0.528202	-0.69456
-0.565275	0.524511	-0.636673
-0.565271	0.524509	-0.636678
-0.688326	0.506031	-0.51975
-0.688323	0.50603	-0.519755
-0.501129	0.201931	-0.841483
-0.501126	0.20193	-0.841485
-0.537993	0.195706	-0.819916
-0.537987	0.195703	-0.819921
-0.616519	0.180524	-0.766365
-0.616524	0.180526	-0.766361
-0.741431	0.149557	-0.65415
-0.741435	0.149559	-0.654145
-0.435633	-0.145313	-0.888317
-0.435636	-0.145312	-0.888316
-0.471419	-0.158141	-0.867615
-0.471417	-0.158142	-0.867616
-0.547975	-0.185663	-0.81563
-0.547976	-0.185662	-0.81563
-0.670956	-0.230131	-0.704881
-0.670953	-0.230131	-0.704884
-0.269213	-0.45419	-0.849256
-0.269217	-0.454189	-0.849255
-0.301836	-0.472884	-0.827814
-0.301841	-0.472883	-0.827812
-0.372503	-0.511358	-0.774438
-0.372499	-0.511358	-0.77444
-0.489059	-0.567747	-0.662182
-0.489055	-0.567747	-0.662185
-0.024047	-0.683554	-0.729503
-0.0240416	-0.683553	-0.729504
-0.0519103	-0.706486	-0.70582
-0.0519082	-0.706486	-0.705821
-0.11364	-0.752833	-0.648328
-0.113645	-0.752834	-0.648326
-0.220296	-0.817701	-0.531822
-0.2203	-0.817702	-0.53182
0.259332	-0.792932	-0.551367
0.259329	-0.792934	-0.551366
0.236811	-0.817927	-0.524325
0.236809	-0.817928	-0.524324
0.18505	-0.868125	-0.460559
0.185054	-0.868124	-0.460561
0.0892457	-0.937182	-0.337231
0.0892494	-0.937181	-0.337233
0.543876	-0.768031	-0.338124
0.543875	-0.768032	-0.338123
0.526701	-0.792687	-0.306974
0.526701	-0.792687	-0.306974
0.484867	-0.842293	-0.235472
0.484872	-0.842289	-0.235475
0.399692	-0.910788	-0.103494
0.399688	-0.91079	-0.103492
0.779224	-0.614229	-0.124629
0.779222	-0.614232	-0.124628
0.766517	-0.635968	-0.0894188
0.76652	-0.635965	-0.0894207
0.733033	-0.680114	-0.0103538
0.733029	-0.680118	-0.0103508
0.656931	-0.742681	0.129867
0.656935	-0.742679	0.129865
0.934023	-0.35202	0.0606868
0.934025	-0.352016	0.0606841
0.924234	-0.368693	0.0992788
0.924235	-0.368692	0.0992785
0.896227	-0.403368	0.184585
0.896225	-0.403371	0.184587
0.82625	-0.455548	0.331342
0.826248	-0.45555	0.331345
0.645762	-0.174115	0.743421
0.645754	-0.174121	0.743427
0.294813	-0.228108	0.927929
0.294816	-0.228106	0.927928
0.107275	-0.241295	0.964504
0.107279	-0.241294	0.964504
0.222672	-0.234271	0.946327
0.222676	-0.23427	0.946326
0.576618	0.195987	0.793159
0.576622	0.195992	0.793154
0.237061	0.0744518	0.968638
0.237057	0.0744482	0.968639
0.0586612	0.011192	0.998215
0.0586614	0.0111922	0.998215
0.168201	0.0499911	0.984484
0.168204	0.0499928	0.984484
0.399266	0.525147	0.751537
0.399268	0.52515	0.751533
0.0920672	0.343572	0.934603
0.0920671	0.343572	0.934603
-0.0623139	0.235728	0.969819
-0.062314	0.235727	0.969819
0.0319772	0.302823	0.95251
0.031975	0.302821	0.952511
0.137569	0.76911	0.624135
0.137565	0.769102	0.624145
-0.121181	0.544007	0.830284
-0.121179	0.544013	0.830281
-0.240072	0.403385	0.882976
-0.24007	0.403392	0.882973
-0.168269	0.491337	0.85456
-0.16828	0.491319	0.854569
-0.164286	0.885615	0.434391
-0.164284	0.885621	0.434381
-0.368275	0.639388	0.67495
-0.368276	0.639383	0.674954
-0.446381	0.483024	0.753281
-0.446382	0.483018	0.753284
-0.400486	0.580944	0.708601
-0.400479	0.580966	0.708587
-0.467226	0.859605	0.206832
-0.467226	0.859605	0.206831
-0.616371	0.617019	0.48926
-0.616371	0.617019	0.48926
-0.653384	0.463872	0.598257
-0.653384	0.463872	0.598257
-0.633584	0.559717	0.534123
-0.633585	0.55971	0.53413
-0.718029	0.695706	-0.0206978
-0.71803	0.695704	-0.0206896
-0.821427	0.483009	0.303249
-0.821428	0.483011	0.303244
-0.824469	0.352068	0.443056
-0.824469	0.352068	0.443056
-0.826229	0.433829	0.359357
-0.826229	0.433827	0.359359
-0.882973	0.415951	-0.217583
-0.882973	0.415951	-0.217584
-0.956589	0.254917	0.141262
-0.956589	0.254917	0.141265
-0.9376	0.162013	0.307666
-0.937599	0.162012	0.30767
-0.953352	0.219649	0.207062
-0.953354	0.219655	0.207045
-0.934763	0.0683375	-0.348639
-0.934763	0.0683375	-0.348638
-0.998983	-0.0296367	0.0339865
-0.998983	-0.0296373	0.0339809
-0.972997	-0.0755814	0.218093
-0.972998	-0.0755818	0.218089
-0.993195	-0.0477591	0.106222
-0.993192	-0.0477605	0.106245
-0.866696	-0.302165	-0.396906
-0.866695	-0.302166	-0.396908
-0.942975	-0.332835	-0.00433488
-0.942976	-0.332833	-0.00432974
-0.925881	-0.328617	0.186429
-0.925881	-0.328617	0.186429
-0.940423	-0.332644	0.0703764
-0.940423	-0.332644	0.0703732
-0.689348	-0.631328	-0.35528
-0.689349	-0.631328	-0.355279
-0.79798	-0.601952	0.0296989
-0.79798	-0.601952	0.0296991
-0.804906	-0.553152	0.214825
-0.804906	-0.553152	0.214825
-0.8042	-0.585478	0.102361
-0.804199	-0.585482	0.102352
-0.426573	-0.87489	-0.229355
-0.426573	-0.87489	-0.229355
-0.582988	-0.801747	0.131634
-0.582984	-0.80175	0.13163
-0.625653	-0.720268	0.299621
-0.625654	-0.720266	0.299623
-0.602253	-0.773365	0.197986
-0.602255	-0.773362	0.19799
-0.124718	-0.991402	-0.0395984
-0.124716	-0.991402	-0.0395998
-0.33589	-0.897124	0.28696
-0.335895	-0.897121	0.286963
-0.41934	-0.7999	0.429317
-0.419338	-0.799903	0.429315
-0.370041	-0.862995	0.343961
-0.37004	-0.862995	0.343961
0.177149	-0.965783	0.189425
0.177145	-0.965783	0.189428
-0.0895469	-0.875397	0.475039
-0.0895467	-0.875397	0.475039
-0.213835	-0.781297	0.586387
-0.213835	-0.781297	0.586387
-0.138629	-0.842381	0.520746
-0.138627	-0.842382	0.520745
0.427955	-0.801881	0.416943
0.427953	-0.801882	0.416944
0.115503	-0.741392	0.661057
0.115509	-0.741392	0.661056
-0.0427503	-0.669492	0.741588
-0.0427505	-0.669492	0.741588
0.0540218	-0.716485	0.695507
0.0540188	-0.716484	0.695508
0.593964	-0.521737	0.61237
0.593973	-0.521732	0.612365
0.252422	-0.51266	0.820648
0.252417	-0.512661	0.820649
0.0718808	-0.478889	0.874928
0.0718768	-0.478889	0.874928
0.182835	-0.50169	0.845505
0.182834	-0.50169	0.845505
0.399342	-0.216541	0.890863
0.39928	-0.216555	0.890887
-0.344965	-0.236635	0.908297
-0.344963	-0.236634	0.908298
-0.512829	-0.220333	0.829735
-0.512829	-0.220333	0.829735
-0.564442	-0.213268	0.797447
0	0	0
0.337318	0.110163	0.934923
0.337341	0.110175	0.934913
-0.364226	-0.137353	0.921126
-0.364227	-0.137353	0.921126
-0.518506	-0.190979	0.833474
-0.518506	-0.19098	0.833474
-0.5656	-0.207268	0.798208
0	0	0
0.180742	0.400779	0.89817
0.180749	0.400786	0.898165
-0.411745	-0.0491532	0.909973
-0.411746	-0.0491545	0.909972
-0.532549	-0.164914	0.830177
-0.532549	-0.164915	0.830177
-0.56847	-0.201941	0.797535
0	0	0
-0.0497201	0.616901	0.785469
-0.0497135	0.616909	0.785463
-0.481603	0.0169765	0.876225
-0.481603	0.0169744	0.876225
-0.55322	-0.145367	0.820254
-0.55322	-0.145366	0.820254
-0.572697	-0.197946	0.79551
0	0	0
-0.316434	0.719866	0.617788
-0.316443	0.719852	0.6178
-0.562764	0.0483007	0.825205
-0.562765	0.0483038	0.825205
-0.577211	-0.136106	0.805173
-0.57721	-0.136107	0.805173
-0.5776	-0.196054	0.792427
0	0	0
-0.584278	0.696076	0.417249
-0.584275	0.696086	0.417238
-0.643924	0.0404631	0.764019
-0.643923	0.0404618	0.76402
-0.601164	-0.13843	0.787044
-0.601165	-0.138429	0.787044
-0.582494	-0.196528	0.788719
0	0	0
-0.805721	0.551352	0.216389
-0.80572	0.551358	0.216379
-0.711127	-0.00345592	0.703055
-0.711128	-0.00345503	0.703054
-0.621025	-0.151409	0.769027
-0.621025	-0.151409	0.769028
-0.586553	-0.19918	0.785037
0	0	0
-0.951488	0.304846	0.0417147
-0.951489	0.304837	0.0417379
-0.756002	-0.0779785	0.649908
-0.756	-0.0779792	0.64991
-0.634332	-0.173435	0.753355
-0.634332	-0.173435	0.753355
-0.589275	-0.203683	0.781837
0	0	0
-0.997252	-0.00231655	-0.0740543
-0.997249	-0.00231182	-0.0740878
-0.769926	-0.171445	0.614671
-0.769927	-0.171445	0.61467
-0.638448	-0.201064	0.742938
-0.638448	-0.201063	0.742939
-0.590116	-0.20933	0.779708
0	0	0
-0.936979	-0.329655	-0.115748
-0.936981	-0.329654	-0.115737
-0.750964	-0.270834	0.602247
-0.750964	-0.270833	0.602248
-0.632798	-0.230426	0.739237
-0.632798	-0.230427	0.739236
-0.588959	-0.21533	0.778948
0	0	0
-0.780392	-0.620275	-0.0790471
-0.780406	-0.620263	-0.0789963
-0.703443	-0.359032	0.613404
-0.703444	-0.359036	0.613401
-0.618754	-0.256492	0.742533
-0.618754	-0.256492	0.742533
-0.586089	-0.220657	0.779622
0	0	0
-0.548206	-0.835757	0.0313131
-0.548198	-0.835763	0.0312954
-0.633286	-0.425051	0.646746
-0.633286	-0.425053	0.646745
-0.598057	-0.27603	0.752419
-0.598057	-0.27603	0.752419
-0.581861	-0.224651	0.781646
0	0	0
-0.281476	-0.938712	0.198974
-0.281483	-0.938708	0.198982
-0.552126	-0.45638	0.697764
-0.552128	-0.456377	0.697764
-0.574066	-0.28529	0.767501
-0.574066	-0.28529	0.767501
-0.576958	-0.226544	0.784728
0	0	0
-0.0153913	-0.915549	0.401911
-0.0153702	-0.915557	0.401894
-0.471262	-0.448653	0.759356
-0.471264	-0.448652	0.759356
-0.550139	-0.282977	0.785666
-0.550139	-0.282976	0.785666
-0.572065	-0.22607	0.788438
0	0	0
0.206062	-0.77085	0.602768
0.206037	-0.770845	0.602782
-0.404061	-0.404734	0.82032
-0.40406	-0.404735	0.82032
-0.530279	-0.269998	0.803683
-0.530278	-0.269998	0.803683
-0.568006	-0.223417	0.79212
0	0	0
0.353519	-0.523703	0.775087
0.353573	-0.523701	0.775063
-0.358888	-0.330098	0.873061
-0.358889	-0.330098	0.87306
-0.516945	-0.247961	0.819319
-0.516946	-0.247962	0.819318
-0.565283	-0.218915	0.795318
0	0	0
-0.530767	-0.0210364	0.847257
-0.531749	-0.0225619	0.846602
-0.473462	-0.0385822	0.879969
-0.482487	-0.050443	0.87445
-0.244854	-0.0796104	0.966286
-0.279771	-0.114112	0.953261
0.475447	-0.104007	0.873575
0.437701	-0.14599	0.887189
-0.224553	0.622038	0.750097
-0.227257	0.619423	0.751445
-0.180076	0.614785	0.767862
-0.203244	0.591512	0.78026
-0.00643948	0.620806	0.783938
-0.0629949	0.553378	0.830545
0.362156	0.645726	0.672221
0.355326	0.595825	0.720233
0.447174	0.874842	-0.186243
0.448952	0.873355	-0.188927
0.399106	0.894623	-0.200906
0.413898	0.882122	-0.22483
0.218194	0.957944	-0.186371
0.248835	0.933525	-0.258093
-0.135877	0.989718	-0.0446742
-0.142723	0.985163	-0.095313
0.584882	0.398323	-0.706577
0.585153	0.397027	-0.707082
0.508152	0.429994	-0.746249
0.511135	0.419451	-0.750201
0.204383	0.538532	-0.817442
0.217228	0.510103	-0.83223
-0.502144	0.603562	-0.619325
-0.496479	0.5866	-0.639851
0.529108	0.021872	-0.848272
0.529153	0.0232921	-0.848206
0.454161	0.0437131	-0.889847
0.453149	0.0544552	-0.88977
0.153546	0.0890136	-0.984124
0.142468	0.117534	-0.982796
-0.565678	0.0973984	-0.818854
-0.578018	0.117717	-0.807488
0.224553	-0.622038	-0.750097
0.226006	-0.61932	-0.751907
0.180077	-0.614784	-0.767863
0.186714	-0.594936	-0.781785
0.00643948	-0.620806	-0.783938
-0.00302394	-0.575851	-0.817549
-0.362161	-0.645717	-0.672228
-0.395728	-0.61663	-0.680564
-0.448025	-0.874625	0.185215
-0.448952	-0.873355	0.188927
-0.411461	-0.889656	0.19802
-0.413898	-0.882122	0.22483
-0.269629	-0.942576	0.197106
-0.248834	-0.933528	0.258085
0.0913959	-0.99331	0.0705846
0.14273	-0.98516	0.0953257
-0.58742	-0.397609	0.704872
-0.586858	-0.396233	0.706115
-0.536001	-0.418704	0.733068
-0.530004	-0.409586	0.74252
-0.334601	-0.496585	0.800903
-0.305652	-0.475242	0.825059
0.363175	-0.613866	0.700908
0.40852	-0.584453	0.701089
0.904511	-0.0115737	0.426292
0.903911	-0.0146609	0.42747
0.982517	0.0787402	0.1687
0.983377	0.0385474	0.177438
0.985999	0.147009	-0.0786975
0.993729	0.0838791	-0.0739325
0.922135	0.215622	-0.321206
0.928984	0.179508	-0.323676
0.558701	0.681789	0.472247
0.560757	0.67867	0.474298
0.59452	0.735267	0.325467
0.63806	0.692067	0.337523
0.61926	0.762594	0.186996
0.70975	0.682911	0.172883
0.624108	0.779908	0.0472455
0.681185	0.731909	0.0171945
-0.318053	0.937754	0.139501
-0.32033	0.937369	0.136852
-0.354991	0.884638	0.302319
-0.401813	0.873066	0.276228
-0.378724	0.818184	0.432599
-0.473556	0.779036	0.410912
-0.38976	0.747118	0.538425
-0.448421	0.713405	0.538491
-0.834848	0.497078	-0.236521
-0.835113	0.495887	-0.238079
-0.917175	0.386531	0.0968707
-0.926785	0.367868	0.0757749
-0.898178	0.265004	0.350783
-0.917027	0.232867	0.32378
-0.840934	0.165979	0.515054
-0.851779	0.146669	0.502951
-0.907022	0.0102617	-0.420959
-0.907581	0.0116839	-0.419715
-0.989728	-0.101461	-0.100721
-0.993522	-0.0809819	-0.0797236
-0.969396	-0.181618	0.165187
-0.968933	-0.149809	0.196788
-0.904197	-0.234393	0.357054
-0.902155	-0.217167	0.372766
-0.55869	-0.681799	-0.472245
-0.561537	-0.679941	-0.471548
-0.594509	-0.735275	-0.325469
-0.635151	-0.710922	-0.301949
-0.61926	-0.762594	-0.186996
-0.682006	-0.719898	-0.128898
-0.624123	-0.779897	-0.0472334
-0.654205	-0.756279	-0.00764302
0.31637	-0.938678	-0.137093
0.320343	-0.937365	-0.136844
0.348836	-0.897651	-0.269324
0.401813	-0.873066	-0.276228
0.386799	-0.837135	-0.386772
0.473533	-0.779049	-0.410913
0.404495	-0.753769	-0.517896
0.448412	-0.713412	-0.538489
0.830948	-0.499885	0.244214
0.832775	-0.497186	0.243501
0.905469	-0.42441	0.00140796
0.921414	-0.388531	-0.00624839
0.921699	-0.316902	-0.223707
0.937172	-0.259223	-0.233479
0.868325	-0.187196	-0.459314
0.87262	-0.154535	-0.463307
0.386902	0.562136	-0.730965
0.406177	0.531906	-0.743032
-0.221663	0.59847	-0.76987
-0.229545	0.609608	-0.758741
-0.476559	0.582725	-0.658273
-0.489718	0.644378	-0.587327
-0.192778	0.639334	-0.744371
-0.21617	0.772419	-0.597194
0.299166	0.953688	-0.0312806
0.332069	0.940279	-0.0748775
0.156125	0.981584	-0.110077
0.157121	0.978026	-0.137033
0.0388691	0.991681	-0.122715
0.0509819	0.994872	-0.0873553
0.116497	0.984267	-0.13284
0.119716	0.992807	-0.00140803
0.0710061	0.680261	0.729523
0.0693897	0.678957	0.730892
0.470473	0.505007	0.723618
0.490688	0.572336	0.657006
0.54339	0.551561	0.632857
0.518909	0.705351	0.482922
0.245599	0.682167	0.688715
0.27353	0.818795	0.504734
-0.143214	-0.0262598	0.989343
-0.150547	-0.0353472	0.987971
0.463409	-0.156651	0.872188
0.481701	-0.126156	0.867208
0.601044	-0.13308	0.788058
0.633674	-0.0365003	0.772739
0.166203	-0.0807094	0.982783
0.222678	0.0678343	0.972529
-0.231338	-0.58476	0.777521
-0.225709	-0.576931	0.784988
0.415637	-0.567864	0.710476
0.39399	-0.596943	0.698878
0.56226	-0.561355	0.607242
0.508588	-0.642009	0.573728
0.121283	-0.628015	0.768692
0.0623396	-0.718943	0.692268
-0.176985	-0.978752	0.10354
-0.17652	-0.978547	0.106242
0.291627	-0.939587	0.179246
0.218591	-0.972048	0.085681
0.38156	-0.922532	0.0578512
0.216259	-0.971029	-0.101658
0.045524	-0.998768	0.0197526
-0.0344076	-0.992136	-0.120345
0.0663203	-0.749397	-0.658791
0.0601955	-0.707238	-0.704408
-0.075586	-0.677288	-0.731825
-0.101368	-0.652495	-0.750983
-0.220305	-0.640013	-0.736104
-0.184805	-0.667232	-0.72156
-0.165465	-0.661836	-0.73116
-0.110376	-0.722325	-0.682689
0.318142	-0.0361252	-0.947355
0.304133	0.000640449	-0.952629
-0.30266	0.127746	-0.944499
-0.289997	0.111409	-0.950521
-0.581674	0.132099	-0.802624
-0.527428	0.0490971	-0.84818
-0.348094	0.0666357	-0.935088
-0.267685	-0.0837863	-0.959857
0.172303	0.590648	-0.788319
0.133003	0.64134	-0.755641
0.380541	0.433725	-0.816745
0.371543	0.448443	-0.81293
0.770962	-0.465394	-0.43477
0.759683	-0.518914	-0.391931
0.0226459	-0.763816	0.645036
0.0930949	-0.762993	0.639667
0.280692	0.928704	-0.242323
0.255323	0.95029	-0.178212
0.481218	0.653942	-0.583771
0.486746	0.628629	-0.60655
0.4522	-0.382773	-0.805605
0.441441	-0.404882	-0.80075
-0.0559192	-0.984437	-0.166607
-0.0129269	-0.982219	-0.187295
0.141344	0.744015	0.653041
0.210195	0.808624	0.549496
0.57018	0.812381	-0.122194
0.599389	0.731199	-0.3257
0.376053	-0.164942	-0.9118
0.378749	-0.161786	-0.911249
0.0490211	-0.616372	-0.785928
0.0428254	-0.616399	-0.786269
-0.124065	-0.054206	0.990792
-0.0845999	-0.0150518	0.996301
0.393155	0.182277	0.901224
0.620782	0.321737	0.714923
0.364368	0.130613	-0.92205
0.368249	0.130085	-0.920581
0.192028	0.0422556	-0.980479
0.185253	0.0518606	-0.981322
-0.173263	-0.590007	0.788589
-0.203127	-0.590762	0.780858
0.434355	-0.832987	0.342737
0.231673	-0.837417	0.495035
0.408932	0.406779	-0.816888
0.406236	0.412666	-0.815279
0.261404	0.561974	-0.784763
0.267556	0.544394	-0.795015
-0.0642814	-0.994868	-0.0781356
-0.111306	-0.992608	-0.0483796
0.42747	-0.498807	-0.753964
0.342728	-0.631024	-0.69595
0.493052	0.608919	-0.621383
0.492276	0.61373	-0.617253
0.274963	0.942584	-0.189552
0.281488	0.93635	-0.209795
0.0223645	-0.612994	-0.789771
0.0528281	-0.599176	-0.798872
0.366227	-0.190933	-0.910726
0.350297	-0.209648	-0.912874
0.60817	0.694793	-0.383917
0.608407	0.679572	-0.409905
0.257132	0.850546	0.458752
0.205491	0.803838	0.558227
0.0416367	0.025326	-0.998812
0.0887484	0.0167892	-0.995913
0.322249	0.11532	-0.939605
0.334505	0.116057	-0.93522
0.905589	0.422418	-0.0383637
0.897971	0.426364	-0.10891
0.224636	0.157232	0.961674
0.145196	0.0790853	0.986237
0	0	0
0.690097	0.190638	-0.698157
0.736108	-0.152414	0.659481
0.736183	-0.152292	0.659425
0.247039	-0.23328	0.940506
0.247219	-0.232914	0.94055
0.829027	-0.121192	0.545917
0.829272	-0.120332	0.545736
0	0	0
0.679401	0.246252	-0.691212
0.665849	0.227122	0.710676
0.665877	0.22721	0.710622
0.191133	0.0573078	0.97989
0.191174	0.0576411	0.979862
0.758263	0.261313	0.597288
0.758254	0.261975	0.597009
0	0	0
0.652689	0.29583	-0.697482
0.483181	0.566275	0.667734
0.483174	0.566197	0.667805
0.0513278	0.31703	0.947026
0.0513811	0.316712	0.947129
0.574708	0.602444	0.553869
0.574878	0.601891	0.554294
0	0	0
0.613481	0.332842	-0.716141
0.21449	0.815884	0.536962
0.214498	0.815808	0.537074
-0.153215	0.509886	0.846488
-0.153062	0.509569	0.846706
0.303915	0.854028	0.422223
0.304247	0.853559	0.422931
0	0	0
0.568377	0.350252	-0.744494
-0.0926841	0.934394	0.343973
-0.092701	0.934439	0.343847
-0.389136	0.600807	0.698286
-0.38935	0.601006	0.697995
-0.00680811	0.973769	0.227437
-0.00717895	0.973956	0.226625
0	0	0
0.523107	0.345847	-0.778941
-0.403249	0.908384	0.110585
-0.403262	0.908391	0.11048
-0.627754	0.579046	0.520222
-0.627944	0.579087	0.519947
-0.319646	0.947504	-0.00793269
-0.319905	0.947411	-0.00859538
0	0	0
0.485331	0.32116	-0.81321
-0.661613	0.739541	-0.123887
-0.66161	0.739561	-0.123782
-0.825594	0.449829	0.340658
-0.825434	0.449906	0.340945
-0.579306	0.777747	-0.243956
-0.579165	0.778051	-0.243322
0	0	0
0.460026	0.279444	-0.842785
-0.8304	0.45229	-0.325376
-0.830422	0.452339	-0.325251
-0.955321	0.230879	0.184546
-0.955204	0.231094	0.18488
-0.749529	0.48831	-0.446946
-0.749578	0.488882	-0.446237
0	0	0
0.452287	0.227502	-0.862368
-0.88314	0.0985864	-0.458634
-0.883091	0.098521	-0.458742
-0.995774	-0.0407746	0.0822852
-0.995785	-0.0410802	0.0820082
-0.803074	0.130691	-0.581371
-0.80278	0.130028	-0.581925
0	0	0
0.463098	0.171932	-0.869471
-0.813729	-0.28125	-0.508669
-0.813668	-0.281305	-0.508736
-0.942096	-0.33218	0.0459454
-0.942004	-0.332464	0.04579
-0.732929	-0.252041	-0.631894
-0.732512	-0.252552	-0.632174
0	0	0
0.48981	0.122352	-0.863201
-0.630966	-0.620376	-0.465849
-0.631056	-0.620325	-0.465795
-0.802189	-0.591864	0.0786704
-0.802379	-0.591596	0.0787528
-0.548963	-0.593021	-0.589039
-0.549541	-0.592618	-0.588905
0	0	0
0.528903	0.0852985	-0.844385
-0.361398	-0.869661	-0.336275
-0.361528	-0.869625	-0.336227
-0.59539	-0.783894	0.176126
-0.595718	-0.783641	0.176145
-0.277419	-0.84433	-0.458417
-0.27829	-0.844058	-0.45839
0	0	0
0.574006	0.0678893	-0.816032
-0.0543474	-0.98821	-0.143133
-0.0542081	-0.988213	-0.143165
-0.359599	-0.874863	0.324505
-0.359214	-0.875	0.324562
0.0327621	-0.964269	-0.262891
0.0336708	-0.964259	-0.262814
0	0	0
0.619391	0.072336	-0.781743
0.255364	-0.962513	0.0914177
0.255476	-0.962485	0.0914009
-0.123209	-0.853917	0.505613
-0.122885	-0.853909	0.505705
0.34498	-0.938231	-0.0266738
0.345647	-0.937988	-0.026569
0	0	0
0.657168	0.0970234	-0.747473
0.51382	-0.793637	0.325776
0.513728	-0.793689	0.325792
0.0747326	-0.724664	0.685038
0.0744362	-0.72479	0.684937
0.605052	-0.768323	0.208787
0.604501	-0.768777	0.208711
0	0	0
0.682359	0.138699	-0.717739
0.683493	-0.506056	0.526066
0.683386	-0.506161	0.526104
0.206714	-0.504889	0.838067
0.206425	-0.505167	0.837971
0.776024	-0.478612	0.410751
0.775535	-0.479382	0.410778
0.816777	0.157382	-0.555073
0.816777	0.157382	-0.555073
0.704912	0.18759	-0.684038
0.704913	0.18759	-0.684038
0.717898	0.184626	-0.671219
0.717897	0.184628	-0.67122
0.923993	0.111822	-0.365696
0.923992	0.111823	-0.365698
0.792542	0.28491	-0.53917
0.792543	0.284908	-0.539169
0.69276	0.250991	-0.676082
0.692759	0.250992	-0.676083
0.704423	0.254979	-0.6624
0.704424	0.254978	-0.662399
0.885682	0.315891	-0.340265
0.88568	0.315892	-0.340268
0.731572	0.39807	-0.553482
0.731574	0.398069	-0.55348
0.662443	0.307262	-0.683197
0.662442	0.307263	-0.683198
0.670782	0.317415	-0.670297
0.670783	0.317415	-0.670296
0.788125	0.49696	-0.363167
0.788127	0.49696	-0.363162
0.641497	0.482708	-0.596217
0.641497	0.482708	-0.596217
0.617724	0.349419	-0.704502
0.617723	0.349419	-0.704503
0.621155	0.364182	-0.693929
0.621156	0.364183	-0.693928
0.643721	0.632022	-0.431476
0.64372	0.632018	-0.431484
0.537387	0.522893	-0.661663
0.537387	0.522892	-0.661664
0.565936	0.369408	-0.737058
0.565936	0.369408	-0.737058
0.563695	0.386363	-0.730049
0.563694	0.386361	-0.730051
0.477247	0.696273	-0.536133
0.477247	0.696278	-0.536127
0.433687	0.513051	-0.740739
0.433686	0.513049	-0.740741
0.514313	0.364437	-0.776317
0.514314	0.364439	-0.776315
0.506423	0.380857	-0.773617
0.506423	0.380856	-0.773618
0.311471	0.680948	-0.662794
0.311475	0.680939	-0.662801
0.347465	0.456703	-0.818957
0.347465	0.456704	-0.818956
0.471438	0.33642	-0.81521
0.471438	0.336418	-0.815211
0.458848	0.349766	-0.816776
0.458848	0.349766	-0.816775
0.173512	0.590777	-0.787957
0.173505	0.590786	-0.787951
0.289505	0.360901	-0.886531
0.289505	0.360901	-0.886531
0.442632	0.288827	-0.848915
0.442631	0.288828	-0.848914
0.426881	0.296956	-0.85416
0.426882	0.296955	-0.85416
0.0808769	0.437251	-0.895695
0.0808837	0.437247	-0.895697
0.271643	0.241007	-0.931733
0.271643	0.241007	-0.931733
0.433745	0.229188	-0.8714
0.433746	0.229187	-0.8714
0.417024	0.230781	-0.879108
0.417022	0.230782	-0.879109
0.0523224	0.245535	-0.967975
0.0523144	0.245537	-0.967975
0.296355	0.113654	-0.948291
0.296356	0.113653	-0.948291
0.446023	0.165831	-0.879524
0.446022	0.165832	-0.879525
0.430648	0.160487	-0.888136
0.430649	0.160487	-0.888136
0.0917279	0.0418634	-0.994904
0.0917335	0.0418633	-0.994903
0.357323	0.00049242	-0.933981
0.357324	0.000491764	-0.93398
0.476342	0.109561	-0.872408
0.47634	0.109561	-0.872408
0.464287	0.0980491	-0.880241
0.464289	0.098049	-0.88024
0.18929	-0.139203	-0.972004
0.189287	-0.139204	-0.972004
0.44692	-0.0843213	-0.890591
0.44692	-0.0843213	-0.890591
0.520936	0.0673607	-0.850934
0.520936	0.0673608	-0.850934
0.513765	0.0512254	-0.856401
0.513763	0.0512247	-0.856402
0.332594	-0.274658	-0.902188
0.332592	-0.27466	-0.902189
0.551031	-0.124507	-0.825144
0.551031	-0.124507	-0.825144
0.572723	0.0473719	-0.818379
0.572723	0.0473716	-0.818379
0.571225	0.0290452	-0.82028
0.571226	0.0290463	-0.820279
0.499067	-0.338917	-0.797538
0.499069	-0.338915	-0.797538
0.65521	-0.114486	-0.746722
0.655208	-0.114488	-0.746722
0.624469	0.0523842	-0.779291
0.62447	0.052386	-0.77929
0.62865	0.0346091	-0.776918
0.62865	0.034608	-0.776918
0.665936	-0.323178	-0.672373
0.665935	-0.323181	-0.672372
0.741433	-0.0581399	-0.668503
0.741434	-0.0581386	-0.668503
0.667345	0.0804058	-0.740395
0.667345	0.0804037	-0.740396
0.676223	0.065697	-0.733762
0.676223	0.0656983	-0.733762
0.8039	-0.233021	-0.547216
0.8039	-0.233018	-0.547218
0.798915	0.0374865	-0.600275
0.798915	0.0374864	-0.600275
0.696027	0.127951	-0.706523
0.696027	0.127952	-0.706523
0.708038	0.118455	-0.696168
0.708039	0.118453	-0.696168
0.895429	-0.0798913	-0.437977
0.89543	-0.0798934	-0.437976

